# Data format: "%int(Month)/%int(Day)/%int(Year) %int(Hours):%int(Minutes):%float(Seconds) %float(OrientQuatX),%float(OrientQuatY),%float(OrientQuatZ),%float(OrientQuatW) %float(CorrectedAccelX),%float(CorrectedAccelY),%float(CorrectedAccelZ)"
03/10/20 14:40:37.336136 0.22636,-0.69347,-0.24388,-0.63905 -0.08905,0.81465,0.58647
03/10/20 14:40:37.345589 0.20328,-0.67216,-0.27051,-0.65856 -0.04987,0.82761,0.60013
03/10/20 14:40:37.355045 0.20236,-0.67066,-0.27128,-0.66006 0.03127,0.89029,0.61627
03/10/20 14:40:37.364494 0.20169,-0.66907,-0.27205,-0.66156 0.06672,0.90887,0.65278
03/10/20 14:40:37.376518 0.20152,-0.66727,-0.27370,-0.66274 0.06238,0.89122,0.54201
03/10/20 14:40:37.385963 0.20254,-0.66562,-0.27413,-0.66392 0.11844,0.84794,0.57230
03/10/20 14:40:37.395397 0.20373,-0.66378,-0.27416,-0.66538 0.14079,0.83475,0.60451
03/10/20 14:40:37.404614 0.20731,-0.66243,-0.27115,-0.66685 0.11810,0.73749,0.61291
03/10/20 14:40:37.414066 0.20895,-0.66111,-0.27103,-0.66770 0.10249,0.62606,0.59753
03/10/20 14:40:37.423523 0.20999,-0.66008,-0.27104,-0.66839 0.11100,0.64724,0.59335
03/10/20 14:40:37.433437 0.21031,-0.65949,-0.27099,-0.66889 0.06698,0.66658,0.58164
03/10/20 14:40:37.442879 0.21030,-0.65911,-0.27093,-0.66929 0.08468,0.70300,0.59793
03/10/20 14:40:37.452316 0.21056,-0.65871,-0.27130,-0.66944 0.11086,0.72441,0.60569
03/10/20 14:40:37.461758 0.21110,-0.65846,-0.27153,-0.66943 0.09899,0.76524,0.59876
03/10/20 14:40:37.471199 0.21174,-0.65846,-0.27100,-0.66944 0.05357,0.80042,0.60267
03/10/20 14:40:37.480412 0.21271,-0.65862,-0.26919,-0.66971 0.01404,0.82783,0.58077
03/10/20 14:40:37.490345 0.21397,-0.65884,-0.26657,-0.67014 0.00549,0.89308,0.56720
03/10/20 14:40:37.499798 0.21551,-0.65885,-0.26398,-0.67066 -0.03947,0.90702,0.56687
03/10/20 14:40:37.509251 0.21730,-0.65841,-0.26193,-0.67132 -0.05443,0.87001,0.57763
03/10/20 14:40:37.518707 0.21939,-0.65746,-0.25959,-0.67248 -0.00997,0.83556,0.58553
03/10/20 14:40:37.528145 0.22120,-0.65612,-0.25827,-0.67371 0.05123,0.83871,0.59988
03/10/20 14:40:37.537605 0.22306,-0.65459,-0.25731,-0.67494 0.11326,0.80101,0.62196
03/10/20 14:40:37.547531 0.22519,-0.65323,-0.25541,-0.67627 0.10728,0.76882,0.63656
03/10/20 14:40:37.556721 0.22725,-0.65210,-0.25773,-0.67580 0.11041,0.72774,0.65487
03/10/20 14:40:37.566158 0.22860,-0.65167,-0.25984,-0.67495 0.03533,0.77181,0.56564
03/10/20 14:40:37.575607 0.23017,-0.65137,-0.26115,-0.67420 0.00467,0.69201,0.62683
03/10/20 14:40:37.585049 0.23163,-0.65076,-0.26270,-0.67368 -0.19736,0.20552,0.73140
03/10/20 14:40:37.594490 0.23237,-0.64976,-0.26397,-0.67389 -0.01035,0.67320,0.61283
03/10/20 14:40:37.604420 0.23463,-0.64751,-0.26513,-0.67482 0.13373,0.68321,0.64110
03/10/20 14:40:37.613854 0.23548,-0.64628,-0.26696,-0.67499 0.10571,0.72476,0.65616
03/10/20 14:40:37.623295 0.23551,-0.64619,-0.26853,-0.67443 0.11496,0.74654,0.60276
03/10/20 14:40:37.632488 0.23586,-0.64649,-0.26914,-0.67379 0.03819,0.73724,0.57775
03/10/20 14:40:37.641934 0.23665,-0.64646,-0.26887,-0.67364 0.04562,0.67566,0.61368
03/10/20 14:40:37.651371 0.23688,-0.64625,-0.26881,-0.67379 0.09688,0.65844,0.64057
03/10/20 14:40:37.661297 0.23631,-0.64658,-0.26891,-0.67364 0.08730,0.68891,0.63642
03/10/20 14:40:37.670734 0.23526,-0.64766,-0.26961,-0.67268 0.05004,0.74305,0.62535
03/10/20 14:40:37.680176 0.23415,-0.64887,-0.26979,-0.67183 0.04066,0.76414,0.60234
03/10/20 14:40:37.689613 0.23314,-0.64991,-0.26979,-0.67118 0.03529,0.78700,0.61053
03/10/20 14:40:37.699059 0.23224,-0.65091,-0.26954,-0.67062 0.01950,0.78539,0.61630
03/10/20 14:40:37.708263 0.23148,-0.65181,-0.26914,-0.67016 0.03343,0.77201,0.60108
03/10/20 14:40:37.718208 0.23072,-0.65277,-0.26855,-0.66974 0.04354,0.77742,0.60048
03/10/20 14:40:37.727661 0.23002,-0.65369,-0.26789,-0.66934 0.05432,0.79390,0.59829
03/10/20 14:40:37.737133 0.22963,-0.65462,-0.26694,-0.66895 -0.00559,0.80871,0.58033
03/10/20 14:40:37.746609 0.22960,-0.65546,-0.26535,-0.66876 -0.02872,0.79612,0.58379
03/10/20 14:40:37.756065 0.22974,-0.65605,-0.26323,-0.66898 -0.02014,0.80470,0.59522
03/10/20 14:40:37.765541 0.22987,-0.65645,-0.26100,-0.66941 0.00981,0.80265,0.59997
03/10/20 14:40:37.775490 0.23002,-0.65691,-0.25892,-0.66971 0.00036,0.81436,0.59107
03/10/20 14:40:37.784706 0.23027,-0.65732,-0.25695,-0.66998 -0.00230,0.81770,0.58417
03/10/20 14:40:37.794167 0.23060,-0.65764,-0.25500,-0.67031 0.00333,0.80960,0.58494
03/10/20 14:40:37.803616 0.23101,-0.65785,-0.25323,-0.67062 0.02531,0.78966,0.60048
03/10/20 14:40:37.813068 0.23143,-0.65807,-0.25151,-0.67092 0.01827,0.80413,0.58883
03/10/20 14:40:37.822525 0.23184,-0.65840,-0.24955,-0.67118 -0.01713,0.80491,0.57454
03/10/20 14:40:37.832489 0.23419,-0.65821,-0.24925,-0.67066 -0.00948,0.81944,0.57190
03/10/20 14:40:37.841931 0.23822,-0.65739,-0.25072,-0.66950 -0.01944,0.81013,0.58238
03/10/20 14:40:37.851379 0.24193,-0.65661,-0.25217,-0.66839 -0.01476,0.81316,0.58970
03/10/20 14:40:37.860584 0.24524,-0.65595,-0.25364,-0.66728 -0.01121,0.80571,0.58286
03/10/20 14:40:37.870037 0.24821,-0.65538,-0.25520,-0.66613 -0.02719,0.81412,0.57894
03/10/20 14:40:37.879490 0.25088,-0.65488,-0.25682,-0.66501 -0.01844,0.78703,0.58504
03/10/20 14:40:37.889416 0.25327,-0.65444,-0.25859,-0.66385 -0.00794,0.77316,0.56984
03/10/20 14:40:37.898869 0.25529,-0.65402,-0.26017,-0.66287 0.00750,0.78252,0.57950
03/10/20 14:40:37.908314 0.25704,-0.65371,-0.26150,-0.66198 0.02633,0.76133,0.58523
03/10/20 14:40:37.917748 0.25868,-0.65355,-0.26253,-0.66109 0.01256,0.75562,0.58808
03/10/20 14:40:37.926945 0.26021,-0.65360,-0.26311,-0.66021 -0.00175,0.76264,0.58023
03/10/20 14:40:37.936394 0.26139,-0.65388,-0.26332,-0.65937 -0.02283,0.75588,0.57526
03/10/20 14:40:37.946312 0.26252,-0.65419,-0.26334,-0.65862 -0.01383,0.76015,0.58181
03/10/20 14:40:37.955753 0.26241,-0.65518,-0.26231,-0.65808 -0.01931,0.74413,0.56329
03/10/20 14:40:37.965176 0.26247,-0.65596,-0.26156,-0.65758 -0.01753,0.74520,0.57065
03/10/20 14:40:37.974602 0.26192,-0.65707,-0.26050,-0.65712 0.01660,0.73162,0.57596
03/10/20 14:40:37.984016 0.26106,-0.65836,-0.25939,-0.65660 0.01908,0.72731,0.58288
03/10/20 14:40:37.993439 0.26136,-0.65894,-0.25967,-0.65579 0.00317,0.76610,0.56811
03/10/20 14:40:38.003101 0.26115,-0.66012,-0.25961,-0.65471 -0.01189,0.78068,0.54028
03/10/20 14:40:38.012535 0.26098,-0.66121,-0.25971,-0.65364 -0.01056,0.81328,0.55080
03/10/20 14:40:38.021965 0.26062,-0.66231,-0.25981,-0.65262 -0.00234,0.84712,0.52830
03/10/20 14:40:38.031387 0.25924,-0.66425,-0.25893,-0.65156 0.01451,0.86662,0.53343
03/10/20 14:40:38.040810 0.25762,-0.66634,-0.25779,-0.65052 0.02253,0.89366,0.53018
03/10/20 14:40:38.050247 0.25631,-0.66820,-0.25679,-0.64952 0.03841,0.89311,0.53353
03/10/20 14:40:38.060154 0.25542,-0.66997,-0.25598,-0.64837 0.03606,0.87741,0.55632
03/10/20 14:40:38.069561 0.25462,-0.67181,-0.25497,-0.64717 0.01930,0.90841,0.57239
03/10/20 14:40:38.078728 0.25407,-0.67361,-0.25402,-0.64589 0.02280,0.91834,0.55555
03/10/20 14:40:38.088142 0.25388,-0.67540,-0.25332,-0.64437 -0.02270,0.90890,0.52664
03/10/20 14:40:38.097561 0.25375,-0.67723,-0.25287,-0.64267 -0.01368,0.91277,0.52926
03/10/20 14:40:38.106976 0.25348,-0.67891,-0.25266,-0.64108 -0.01440,0.90769,0.53767
03/10/20 14:40:38.116886 0.25298,-0.68074,-0.25280,-0.63928 -0.02315,0.91865,0.54009
03/10/20 14:40:38.126308 0.25268,-0.68221,-0.25337,-0.63761 -0.02967,0.88388,0.52740
03/10/20 14:40:38.135723 0.25327,-0.68259,-0.25518,-0.63625 -0.04364,0.84634,0.50692
03/10/20 14:40:38.145130 0.25349,-0.68298,-0.25672,-0.63512 -0.03694,0.82045,0.46971
03/10/20 14:40:38.154297 0.25395,-0.68251,-0.25881,-0.63460 -0.02946,0.81738,0.47609
03/10/20 14:40:38.163712 0.25445,-0.68191,-0.26004,-0.63454 -0.01669,0.84414,0.52965
03/10/20 14:40:38.173603 0.25525,-0.68069,-0.26144,-0.63494 0.05597,0.83746,0.54548
03/10/20 14:40:38.183014 0.25566,-0.68048,-0.26280,-0.63445 -0.03173,0.80019,0.48831
03/10/20 14:40:38.192432 0.25602,-0.68074,-0.26380,-0.63360 -0.03719,0.79836,0.50436
03/10/20 14:40:38.201832 0.25664,-0.68028,-0.26477,-0.63344 -0.04177,0.80879,0.49839
03/10/20 14:40:38.211250 0.25655,-0.68090,-0.26537,-0.63256 -0.05704,0.79030,0.49152
03/10/20 14:40:38.220409 0.25664,-0.68112,-0.26555,-0.63221 -0.04184,0.81049,0.49886
03/10/20 14:40:38.230312 0.25684,-0.68096,-0.26531,-0.63241 -0.02855,0.81606,0.51349
03/10/20 14:40:38.239731 0.25699,-0.68089,-0.26521,-0.63246 -0.03719,0.82533,0.49280
03/10/20 14:40:38.249161 0.25704,-0.68107,-0.26515,-0.63228 -0.02512,0.80666,0.49535
03/10/20 14:40:38.258579 0.25724,-0.68096,-0.26472,-0.63250 -0.03220,0.82710,0.49053
03/10/20 14:40:38.268013 0.25738,-0.68088,-0.26405,-0.63281 -0.03873,0.83934,0.50228
03/10/20 14:40:38.277912 0.25749,-0.68093,-0.26334,-0.63300 -0.05812,0.84687,0.49372
03/10/20 14:40:38.287334 0.25767,-0.68096,-0.26259,-0.63321 -0.06298,0.84236,0.49797
03/10/20 14:40:38.296490 0.25791,-0.68094,-0.26171,-0.63349 -0.06885,0.83988,0.49902
03/10/20 14:40:38.305897 0.25815,-0.68089,-0.26077,-0.63384 -0.06298,0.83700,0.49630
03/10/20 14:40:38.315296 0.25831,-0.68084,-0.25975,-0.63424 -0.06513,0.84436,0.49625
03/10/20 14:40:38.324711 0.25839,-0.68074,-0.25876,-0.63473 -0.06280,0.84333,0.49821
03/10/20 14:40:38.334595 0.25838,-0.68058,-0.25794,-0.63523 -0.06221,0.85124,0.49518
03/10/20 14:40:38.344006 0.25830,-0.68035,-0.25722,-0.63580 -0.04366,0.86830,0.50032
03/10/20 14:40:38.353413 0.25804,-0.68016,-0.25680,-0.63628 -0.02436,0.87356,0.50655
03/10/20 14:40:38.362823 0.25811,-0.67982,-0.25598,-0.63695 -0.02410,0.85685,0.50891
03/10/20 14:40:38.371979 0.25843,-0.67946,-0.25478,-0.63768 -0.04004,0.86981,0.49832
03/10/20 14:40:38.381386 0.25890,-0.67906,-0.25331,-0.63850 -0.04618,0.86277,0.50629
03/10/20 14:40:38.391270 0.25947,-0.67854,-0.25188,-0.63939 -0.05687,0.85460,0.50988
03/10/20 14:40:38.400688 0.26004,-0.67795,-0.25060,-0.64029 -0.06024,0.85273,0.51681
03/10/20 14:40:38.410103 0.26057,-0.67730,-0.24945,-0.64121 -0.06221,0.85020,0.52029
03/10/20 14:40:38.419525 0.26108,-0.67653,-0.24849,-0.64218 -0.04346,0.82045,0.52511
03/10/20 14:40:38.428936 0.26159,-0.67570,-0.24764,-0.64317 -0.03967,0.80689,0.52890
03/10/20 14:40:38.438103 0.26206,-0.67493,-0.24669,-0.64416 -0.03491,0.81915,0.52876
03/10/20 14:40:38.447987 0.26251,-0.67418,-0.24562,-0.64517 -0.02823,0.79766,0.52522
03/10/20 14:40:38.457401 0.26267,-0.67382,-0.24500,-0.64571 -0.04069,0.77757,0.52449
03/10/20 14:40:38.466808 0.26284,-0.67353,-0.24421,-0.64624 -0.03751,0.77870,0.51782
03/10/20 14:40:38.476212 0.26307,-0.67322,-0.24317,-0.64687 -0.05834,0.77648,0.52929
03/10/20 14:40:38.485619 0.26353,-0.67275,-0.24187,-0.64765 -0.09124,0.77720,0.52875
03/10/20 14:40:38.495026 0.26415,-0.67215,-0.24046,-0.64855 -0.09713,0.77516,0.53201
03/10/20 14:40:38.504913 0.26413,-0.67181,-0.23934,-0.64933 -0.08466,0.76394,0.50792
03/10/20 14:40:38.514092 0.26398,-0.67149,-0.23824,-0.65012 -0.09504,0.76003,0.49597
03/10/20 14:40:38.523510 0.26372,-0.67110,-0.23691,-0.65112 -0.09085,0.78012,0.49650
03/10/20 14:40:38.532932 0.26470,-0.66992,-0.23475,-0.65271 -0.08529,0.82153,0.49707
03/10/20 14:40:38.542355 0.26539,-0.66880,-0.23263,-0.65434 -0.08060,0.86217,0.48807
03/10/20 14:40:38.551785 0.26492,-0.66827,-0.23099,-0.65565 -0.07881,0.90601,0.47856
03/10/20 14:40:38.561688 0.26389,-0.66791,-0.22940,-0.65699 -0.09055,0.95471,0.47032
03/10/20 14:40:38.571121 0.26293,-0.66750,-0.22783,-0.65834 -0.10608,0.96858,0.46316
03/10/20 14:40:38.580551 0.26208,-0.66698,-0.22619,-0.65976 -0.11838,0.99254,0.46548
03/10/20 14:40:38.589745 0.26115,-0.66638,-0.22435,-0.66137 -0.12405,1.03324,0.46466
03/10/20 14:40:38.599182 0.26030,-0.66561,-0.22239,-0.66313 -0.12265,1.06447,0.47101
03/10/20 14:40:38.608624 0.25960,-0.66469,-0.22053,-0.66496 -0.12272,1.08223,0.46593
03/10/20 14:40:38.618534 0.25903,-0.66355,-0.21873,-0.66691 -0.11033,1.09379,0.45345
03/10/20 14:40:38.627976 0.25865,-0.66231,-0.21726,-0.66876 -0.10065,1.10349,0.45822
03/10/20 14:40:38.637405 0.25855,-0.66086,-0.21603,-0.67063 -0.09467,1.10360,0.45326
03/10/20 14:40:38.646851 0.25868,-0.65930,-0.21511,-0.67241 -0.09422,1.09839,0.45626
03/10/20 14:40:38.656284 0.25902,-0.65763,-0.21460,-0.67407 -0.09190,1.06613,0.45210
03/10/20 14:40:38.665474 0.25956,-0.65583,-0.21457,-0.67563 -0.09463,1.03888,0.45433
03/10/20 14:40:38.675388 0.26028,-0.65378,-0.21504,-0.67719 -0.09531,1.00161,0.45517
03/10/20 14:40:38.684822 0.26102,-0.65175,-0.21579,-0.67863 -0.09302,0.96963,0.46036
03/10/20 14:40:38.694248 0.26182,-0.64962,-0.21646,-0.68014 -0.07922,0.93750,0.46179
03/10/20 14:40:38.703693 0.26219,-0.64777,-0.21609,-0.68188 -0.08432,0.90666,0.45989
03/10/20 14:40:38.713123 0.26061,-0.64695,-0.21134,-0.68474 -0.08326,0.88214,0.46035
03/10/20 14:40:38.722565 0.25973,-0.64578,-0.20743,-0.68738 -0.09042,0.85679,0.45398
03/10/20 14:40:38.732479 0.25933,-0.64425,-0.20412,-0.68995 -0.09453,0.85600,0.45647
03/10/20 14:40:38.741673 0.25912,-0.64272,-0.20125,-0.69229 -0.10032,0.84103,0.45713
03/10/20 14:40:38.751102 0.25958,-0.64079,-0.19983,-0.69432 -0.08921,0.82344,0.45476
03/10/20 14:40:38.760552 0.26046,-0.63850,-0.19945,-0.69620 -0.09086,0.81903,0.45481
03/10/20 14:40:38.769981 0.26081,-0.63658,-0.19790,-0.69827 -0.08963,0.82748,0.46063
03/10/20 14:40:38.779423 0.26076,-0.63503,-0.19530,-0.70042 -0.09094,0.83153,0.45470
03/10/20 14:40:38.789333 0.26086,-0.63324,-0.19295,-0.70266 -0.08708,0.83249,0.45565
03/10/20 14:40:38.798782 0.26095,-0.63156,-0.19086,-0.70471 -0.09265,0.83404,0.45223
03/10/20 14:40:38.807980 0.26143,-0.62939,-0.18997,-0.70671 -0.09021,0.82514,0.45574
03/10/20 14:40:38.817432 0.26175,-0.62735,-0.18885,-0.70870 -0.08125,0.81989,0.46040
03/10/20 14:40:38.826874 0.26220,-0.62513,-0.18819,-0.71067 -0.07705,0.81850,0.45719
03/10/20 14:40:38.836323 0.26272,-0.62275,-0.18770,-0.71269 -0.07630,0.81707,0.45523
03/10/20 14:40:38.846237 0.26300,-0.62079,-0.18626,-0.71468 -0.09159,0.83064,0.45078
03/10/20 14:40:38.855682 0.26306,-0.61946,-0.18429,-0.71631 -0.10419,0.85137,0.44378
03/10/20 14:40:38.865116 0.26315,-0.61798,-0.18254,-0.71801 -0.10889,0.85931,0.43931
03/10/20 14:40:38.874561 0.26326,-0.61635,-0.18105,-0.71974 -0.09419,0.85926,0.44217
03/10/20 14:40:38.883751 0.26334,-0.61467,-0.17978,-0.72146 -0.08275,0.87633,0.44637
03/10/20 14:40:38.893196 0.26342,-0.61297,-0.17873,-0.72314 -0.07043,0.89423,0.44613
03/10/20 14:40:38.903114 0.26352,-0.61108,-0.17793,-0.72490 -0.06681,0.89530,0.45348
03/10/20 14:40:38.912559 0.26364,-0.60936,-0.17735,-0.72644 -0.06451,0.89489,0.46110
03/10/20 14:40:38.921993 0.26374,-0.60767,-0.17697,-0.72792 -0.05147,0.88595,0.45544
03/10/20 14:40:38.931442 0.26385,-0.60605,-0.17676,-0.72928 -0.04174,0.87874,0.46036
03/10/20 14:40:38.940880 0.26394,-0.60435,-0.17670,-0.73067 -0.03446,0.88543,0.46862
03/10/20 14:40:38.950329 0.26400,-0.60266,-0.17673,-0.73203 -0.02877,0.86542,0.46483
03/10/20 14:40:38.959995 0.26406,-0.60080,-0.17701,-0.73347 -0.02207,0.86961,0.47508
03/10/20 14:40:38.969452 0.26400,-0.59907,-0.17751,-0.73478 -0.00620,0.87978,0.48079
03/10/20 14:40:38.978909 0.26399,-0.59698,-0.17839,-0.73628 0.00840,0.88720,0.48949
03/10/20 14:40:38.988373 0.26385,-0.59521,-0.17970,-0.73744 0.01571,0.87755,0.49396
03/10/20 14:40:38.997879 0.26376,-0.59362,-0.18123,-0.73838 0.01803,0.86132,0.48523
03/10/20 14:40:39.007328 0.26380,-0.59203,-0.18273,-0.73927 0.00521,0.84452,0.48005
03/10/20 14:40:39.017265 0.26397,-0.59042,-0.18425,-0.74012 0.00612,0.83941,0.47812
03/10/20 14:40:39.026722 0.26414,-0.58898,-0.18587,-0.74080 0.00957,0.83401,0.47864
03/10/20 14:40:39.035923 0.26428,-0.58754,-0.18769,-0.74144 0.02012,0.83438,0.48423
03/10/20 14:40:39.045353 0.26439,-0.58618,-0.18957,-0.74199 0.02012,0.82908,0.48034
03/10/20 14:40:39.054798 0.26469,-0.58460,-0.19119,-0.74272 0.01504,0.81936,0.47628
03/10/20 14:40:39.064247 0.26541,-0.58194,-0.19201,-0.74434 0.00856,0.78838,0.48054
03/10/20 14:40:39.074177 0.26626,-0.57909,-0.19269,-0.74607 0.00233,0.77345,0.46866
03/10/20 14:40:39.083611 0.26696,-0.57652,-0.19326,-0.74766 0.00224,0.78069,0.47376
03/10/20 14:40:39.093048 0.26756,-0.57396,-0.19386,-0.74927 0.01049,0.78562,0.49482
03/10/20 14:40:39.102489 0.26805,-0.57156,-0.19464,-0.75072 0.03441,0.78442,0.51633
03/10/20 14:40:39.111683 0.26835,-0.57047,-0.19705,-0.75082 0.05678,0.80369,0.52143
03/10/20 14:40:39.121109 0.26842,-0.56948,-0.19967,-0.75085 0.06246,0.82602,0.53103
03/10/20 14:40:39.131023 0.26854,-0.56851,-0.20205,-0.75091 0.06350,0.82830,0.53888
03/10/20 14:40:39.140457 0.26863,-0.56790,-0.20431,-0.75072 0.07840,0.81904,0.52583
03/10/20 14:40:39.149891 0.26847,-0.56767,-0.20610,-0.75046 0.06834,0.83447,0.50410
03/10/20 14:40:39.159321 0.26840,-0.56755,-0.20721,-0.75027 0.03552,0.83892,0.50132
03/10/20 14:40:39.168762 0.26843,-0.56750,-0.20791,-0.75011 0.01331,0.84793,0.49227
03/10/20 14:40:39.177956 0.26848,-0.56741,-0.20853,-0.74999 0.00347,0.84688,0.49480
03/10/20 14:40:39.187885 0.26868,-0.56715,-0.20911,-0.74995 -0.00245,0.84063,0.48949
03/10/20 14:40:39.197330 0.26888,-0.56694,-0.20958,-0.74990 -0.00938,0.83633,0.48391
03/10/20 14:40:39.206787 0.26912,-0.56670,-0.20991,-0.74991 -0.01038,0.83293,0.48247
03/10/20 14:40:39.216229 0.26940,-0.56636,-0.21014,-0.75000 -0.00397,0.83350,0.47923
03/10/20 14:40:39.225681 0.26966,-0.56600,-0.21030,-0.75014 -0.00321,0.83715,0.48017
03/10/20 14:40:39.235123 0.26991,-0.56558,-0.21037,-0.75034 -0.00247,0.84139,0.47718
03/10/20 14:40:39.245045 0.27013,-0.56509,-0.21049,-0.75060 -0.00005,0.83866,0.47866
03/10/20 14:40:39.254471 0.27030,-0.56471,-0.21077,-0.75074 0.00822,0.83369,0.47078
03/10/20 14:40:39.263660 0.27050,-0.56436,-0.21116,-0.75083 0.00008,0.83096,0.46102
03/10/20 14:40:39.273094 0.27066,-0.56398,-0.21157,-0.75094 -0.00205,0.83240,0.46225
03/10/20 14:40:39.282524 0.27123,-0.56249,-0.21158,-0.75185 0.00117,0.80519,0.47404
03/10/20 14:40:39.291958 0.27178,-0.56090,-0.21161,-0.75282 0.00760,0.81601,0.47242
03/10/20 14:40:39.301865 0.27216,-0.55941,-0.21166,-0.75378 0.01536,0.81719,0.47482
03/10/20 14:40:39.311279 0.27257,-0.55779,-0.21149,-0.75489 0.00655,0.80874,0.46880
03/10/20 14:40:39.320709 0.27304,-0.55606,-0.21101,-0.75612 -0.00831,0.81226,0.46444
03/10/20 14:40:39.329887 0.27354,-0.55414,-0.21018,-0.75758 -0.01431,0.80773,0.45837
03/10/20 14:40:39.339306 0.27380,-0.55273,-0.20908,-0.75882 -0.02859,0.82420,0.46667
03/10/20 14:40:39.348732 0.27362,-0.55231,-0.20806,-0.75947 -0.02713,0.83821,0.46506
03/10/20 14:40:39.358627 0.27341,-0.55156,-0.20705,-0.76036 -0.02291,0.84707,0.46323
03/10/20 14:40:39.368050 0.27313,-0.55076,-0.20622,-0.76127 -0.01684,0.86622,0.46204
03/10/20 14:40:39.377464 0.27286,-0.54992,-0.20545,-0.76218 -0.01797,0.87085,0.46323
03/10/20 14:40:39.386894 0.27267,-0.54888,-0.20466,-0.76321 -0.02252,0.87522,0.46494
03/10/20 14:40:39.396317 0.27247,-0.54779,-0.20388,-0.76428 -0.03007,0.86932,0.45447
03/10/20 14:40:39.405495 0.27228,-0.54660,-0.20323,-0.76537 -0.01741,0.85776,0.46778
03/10/20 14:40:39.415394 0.27210,-0.54514,-0.20277,-0.76659 -0.00473,0.84624,0.46804
03/10/20 14:40:39.424816 0.27193,-0.54385,-0.20259,-0.76762 -0.00929,0.84555,0.46611
03/10/20 14:40:39.434231 0.27175,-0.54256,-0.20261,-0.76859 -0.01868,0.83437,0.46160
03/10/20 14:40:39.443649 0.27167,-0.54011,-0.20250,-0.77037 -0.01576,0.81997,0.45876
03/10/20 14:40:39.453060 0.27161,-0.53744,-0.20246,-0.77227 -0.00980,0.82594,0.45522
03/10/20 14:40:39.462482 0.27151,-0.53497,-0.20249,-0.77401 -0.00008,0.82961,0.45562
03/10/20 14:40:39.472374 0.27137,-0.53316,-0.20254,-0.77529 0.00576,0.83802,0.45255
03/10/20 14:40:39.481545 0.27133,-0.53186,-0.20242,-0.77623 0.00151,0.84080,0.44862
03/10/20 14:40:39.490959 0.27126,-0.53048,-0.20208,-0.77728 -0.00088,0.86437,0.44645
03/10/20 14:40:39.500370 0.27116,-0.52904,-0.20153,-0.77844 -0.00603,0.89847,0.44495
03/10/20 14:40:39.509785 0.27115,-0.52711,-0.20082,-0.77994 0.01437,0.89933,0.45096
03/10/20 14:40:39.519192 0.27123,-0.52496,-0.20017,-0.78153 0.04303,0.90613,0.45466
03/10/20 14:40:39.529091 0.27137,-0.52146,-0.19924,-0.78405 0.05386,0.91065,0.46094
03/10/20 14:40:39.538513 0.27163,-0.51872,-0.19844,-0.78598 0.05019,0.89955,0.46426
03/10/20 14:40:39.547680 0.27205,-0.51725,-0.19788,-0.78695 0.04922,0.89032,0.46017
03/10/20 14:40:39.557087 0.27257,-0.51577,-0.19724,-0.78790 0.03998,0.85488,0.44456
03/10/20 14:40:39.566505 0.27303,-0.51427,-0.19661,-0.78888 0.03266,0.84924,0.43358
03/10/20 14:40:39.575932 0.27345,-0.51130,-0.19568,-0.79089 0.03875,0.83610,0.42923
03/10/20 14:40:39.585838 0.27381,-0.50778,-0.19462,-0.79329 0.03923,0.82471,0.43475
03/10/20 14:40:39.595257 0.27402,-0.50445,-0.19372,-0.79556 0.04421,0.82123,0.43721
03/10/20 14:40:39.604679 0.27415,-0.50095,-0.19288,-0.79793 0.04860,0.80994,0.43777
03/10/20 14:40:39.614102 0.27426,-0.49744,-0.19219,-0.80025 0.04624,0.81152,0.43285
03/10/20 14:40:39.623276 0.27430,-0.49397,-0.19166,-0.80251 0.03931,0.80706,0.43490
03/10/20 14:40:39.632690 0.27427,-0.49044,-0.19134,-0.80476 0.03303,0.79828,0.43256
03/10/20 14:40:39.642601 0.27422,-0.48665,-0.19130,-0.80708 0.04187,0.79057,0.42692
03/10/20 14:40:39.652027 0.27402,-0.48295,-0.19162,-0.80929 0.06280,0.77954,0.42762
03/10/20 14:40:39.661472 0.27367,-0.47923,-0.19216,-0.81149 0.09797,0.77364,0.44049
03/10/20 14:40:39.670898 0.27305,-0.47583,-0.19295,-0.81351 0.13062,0.80997,0.45004
03/10/20 14:40:39.680332 0.27080,-0.47331,-0.19568,-0.81508 0.16919,0.81039,0.46554
03/10/20 14:40:39.689781 0.26754,-0.46985,-0.19969,-0.81718 0.18381,0.80678,0.47385
03/10/20 14:40:39.699474 0.26614,-0.46605,-0.20146,-0.81938 0.17030,0.78960,0.47458
03/10/20 14:40:39.708920 0.26347,-0.46258,-0.20465,-0.82142 0.12891,0.81680,0.47361
03/10/20 14:40:39.718372 0.26081,-0.45946,-0.20773,-0.82324 0.10666,0.83294,0.44138
03/10/20 14:40:39.727818 0.25999,-0.45650,-0.20855,-0.82493 0.08567,0.81419,0.42421
03/10/20 14:40:39.737259 0.25925,-0.45357,-0.20898,-0.82667 0.06982,0.80836,0.43224
03/10/20 14:40:39.746689 0.25784,-0.45061,-0.20949,-0.82860 0.06997,0.83671,0.43592
03/10/20 14:40:39.756615 0.25499,-0.44785,-0.21114,-0.83056 0.07477,0.87408,0.44170
03/10/20 14:40:39.766071 0.25242,-0.44537,-0.21229,-0.83239 0.08329,0.90091,0.42566
03/10/20 14:40:39.775276 0.25089,-0.44235,-0.21168,-0.83461 0.11032,0.93475,0.42592
03/10/20 14:40:39.784725 0.24947,-0.43916,-0.21074,-0.83695 0.13582,0.94607,0.41336
03/10/20 14:40:39.794186 0.24813,-0.43593,-0.20959,-0.83932 0.13677,0.95131,0.39805
03/10/20 14:40:39.803638 0.24682,-0.43276,-0.20851,-0.84162 0.12661,0.94177,0.39722
03/10/20 14:40:39.813568 0.24550,-0.42955,-0.20764,-0.84386 0.12685,0.93648,0.39234
03/10/20 14:40:39.823010 0.24405,-0.42651,-0.20738,-0.84589 0.10667,0.92995,0.39917
03/10/20 14:40:39.832459 0.24217,-0.42391,-0.20818,-0.84753 0.09724,0.91450,0.38781
03/10/20 14:40:39.841911 0.24024,-0.42162,-0.20956,-0.84889 0.09526,0.87083,0.36779
03/10/20 14:40:39.851109 0.23946,-0.41830,-0.21003,-0.85063 0.08194,0.85020,0.34740
03/10/20 14:40:39.860538 0.23853,-0.41493,-0.21070,-0.85238 0.05848,0.85185,0.31628
03/10/20 14:40:39.870457 0.23726,-0.41120,-0.21170,-0.85428 0.09694,0.84437,0.32300
03/10/20 14:40:39.879894 0.23568,-0.40752,-0.21308,-0.85614 0.13336,0.86253,0.33441
03/10/20 14:40:39.889332 0.23211,-0.40483,-0.21442,-0.85805 0.15298,0.88679,0.34588
03/10/20 14:40:39.898762 0.22848,-0.40209,-0.21601,-0.85992 0.17394,0.90069,0.37219
03/10/20 14:40:39.908211 0.22561,-0.39891,-0.21792,-0.86167 0.19775,0.91741,0.40338
03/10/20 14:40:39.917404 0.22364,-0.39518,-0.21995,-0.86339 0.21255,0.91405,0.43383
03/10/20 14:40:39.927330 0.22114,-0.39221,-0.22131,-0.86504 0.21651,0.88085,0.43927
03/10/20 14:40:39.936768 0.21852,-0.39030,-0.22175,-0.86646 0.20237,0.87905,0.42067
03/10/20 14:40:39.946224 0.21613,-0.38855,-0.22147,-0.86791 0.19014,0.87534,0.41070
03/10/20 14:40:39.955681 0.21403,-0.38629,-0.22074,-0.86962 0.19553,0.91533,0.40883
03/10/20 14:40:39.965138 0.21219,-0.38324,-0.21984,-0.87165 0.22112,0.95541,0.42577
03/10/20 14:40:39.974587 0.21029,-0.38004,-0.21873,-0.87379 0.23528,0.98904,0.43498
03/10/20 14:40:39.984520 0.20851,-0.37668,-0.21754,-0.87597 0.26287,0.99384,0.44017
03/10/20 14:40:39.993729 0.20708,-0.37356,-0.21643,-0.87791 0.26826,0.98088,0.43927
03/10/20 14:40:40.003181 0.20585,-0.37054,-0.21535,-0.87974 0.28046,0.96992,0.43658
03/10/20 14:40:40.012623 0.20474,-0.36767,-0.21429,-0.88146 0.26226,0.97104,0.42955
03/10/20 14:40:40.022068 0.20383,-0.36489,-0.21339,-0.88305 0.26589,0.96692,0.42760
03/10/20 14:40:40.031521 0.20306,-0.36215,-0.21275,-0.88451 0.26971,0.96433,0.41185
03/10/20 14:40:40.041451 0.20246,-0.35944,-0.21257,-0.88579 0.27445,0.96134,0.40324
03/10/20 14:40:40.050900 0.20205,-0.35685,-0.21287,-0.88686 0.28849,0.95007,0.40325
03/10/20 14:40:40.060356 0.20173,-0.35432,-0.21356,-0.88778 0.30979,0.92535,0.40235
03/10/20 14:40:40.069561 0.20137,-0.35192,-0.21460,-0.88857 0.31977,0.90174,0.40644
03/10/20 14:40:40.079018 0.20088,-0.34966,-0.21587,-0.88926 0.32555,0.89010,0.41217
03/10/20 14:40:40.088467 0.20022,-0.34763,-0.21705,-0.88992 0.32013,0.89306,0.41119
03/10/20 14:40:40.098400 0.19953,-0.34566,-0.21789,-0.89064 0.31324,0.89302,0.41271
03/10/20 14:40:40.107857 0.19892,-0.34395,-0.21829,-0.89133 0.32782,0.89592,0.41505
03/10/20 14:40:40.117313 0.19831,-0.34246,-0.21847,-0.89200 0.31905,0.89160,0.41072
03/10/20 14:40:40.126759 0.19772,-0.34118,-0.21844,-0.89263 0.31036,0.90117,0.40970
03/10/20 14:40:40.136219 0.19691,-0.34002,-0.21866,-0.89320 0.29900,0.88764,0.41186
03/10/20 14:40:40.145428 0.19559,-0.33881,-0.21951,-0.89374 0.29375,0.88163,0.40654
03/10/20 14:40:40.155365 0.19248,-0.33725,-0.22227,-0.89432 0.27532,0.87209,0.40477
03/10/20 14:40:40.164822 0.18985,-0.33622,-0.22442,-0.89473 0.27460,0.87794,0.40645
03/10/20 14:40:40.174290 0.18838,-0.33573,-0.22514,-0.89505 0.27369,0.88842,0.40907
03/10/20 14:40:40.183750 0.18739,-0.33557,-0.22529,-0.89528 0.27324,0.88816,0.40956
03/10/20 14:40:40.193222 0.18579,-0.33545,-0.22633,-0.89539 0.25857,0.88162,0.41660
03/10/20 14:40:40.202679 0.18404,-0.33551,-0.22749,-0.89544 0.23397,0.88140,0.42586
03/10/20 14:40:40.212627 0.18247,-0.33577,-0.22832,-0.89545 0.22695,0.87323,0.44074
03/10/20 14:40:40.221844 0.18141,-0.33621,-0.22853,-0.89545 0.21852,0.88743,0.44092
03/10/20 14:40:40.231312 0.18094,-0.33692,-0.22795,-0.89542 0.23980,0.92343,0.38756
03/10/20 14:40:40.240768 0.18058,-0.33747,-0.22766,-0.89536 0.15721,0.88598,0.44919
03/10/20 14:40:40.250237 0.18070,-0.33795,-0.22731,-0.89525 0.18066,0.90217,0.43832
03/10/20 14:40:40.259705 0.18081,-0.33875,-0.22691,-0.89502 0.17681,0.92819,0.41424
03/10/20 14:40:40.269650 0.18109,-0.33957,-0.22682,-0.89468 0.16757,0.90737,0.43565
03/10/20 14:40:40.279102 0.18144,-0.34032,-0.22699,-0.89428 0.17395,0.92018,0.41040
03/10/20 14:40:40.288563 0.18177,-0.34116,-0.22727,-0.89382 0.18386,0.91395,0.41531
03/10/20 14:40:40.297775 0.18215,-0.34200,-0.22760,-0.89334 0.19177,0.90619,0.42320
03/10/20 14:40:40.307236 0.18261,-0.34315,-0.22773,-0.89277 0.18860,0.92671,0.41517
03/10/20 14:40:40.316681 0.18289,-0.34411,-0.22786,-0.89231 0.17743,0.90350,0.41151
03/10/20 14:40:40.326622 0.18320,-0.34491,-0.22790,-0.89193 0.15901,0.89427,0.39596
03/10/20 14:40:40.336079 0.18342,-0.34566,-0.22771,-0.89164 0.14618,0.89881,0.38961
03/10/20 14:40:40.345543 0.18353,-0.34642,-0.22739,-0.89141 0.13820,0.89744,0.38475
03/10/20 14:40:40.354996 0.18359,-0.34726,-0.22703,-0.89116 0.13883,0.90979,0.38045
03/10/20 14:40:40.364464 0.18370,-0.34821,-0.22669,-0.89085 0.15440,0.92708,0.37503
03/10/20 14:40:40.373676 0.18415,-0.34965,-0.22623,-0.89031 0.17075,0.93724,0.37041
03/10/20 14:40:40.383617 0.18474,-0.35121,-0.22569,-0.88971 0.16850,0.93586,0.37757
03/10/20 14:40:40.393070 0.18487,-0.35218,-0.22529,-0.88940 0.16723,0.92301,0.37105
03/10/20 14:40:40.402534 0.18482,-0.35295,-0.22495,-0.88919 0.17387,0.91815,0.36957
03/10/20 14:40:40.411995 0.18482,-0.35369,-0.22470,-0.88896 0.17769,0.90409,0.37361
03/10/20 14:40:40.421455 0.18483,-0.35453,-0.22447,-0.88868 0.19177,0.88607,0.39091
03/10/20 14:40:40.430904 0.18479,-0.35546,-0.22423,-0.88838 0.19870,0.89029,0.39968
03/10/20 14:40:40.440842 0.18468,-0.35668,-0.22395,-0.88799 0.19459,0.88991,0.39479
03/10/20 14:40:40.450054 0.18454,-0.35789,-0.22375,-0.88758 0.18502,0.86143,0.39659
03/10/20 14:40:40.459511 0.18438,-0.35915,-0.22370,-0.88711 0.18719,0.85881,0.40447
03/10/20 14:40:40.468960 0.18405,-0.36053,-0.22387,-0.88658 0.18163,0.89174,0.40002
03/10/20 14:40:40.478413 0.18366,-0.36198,-0.22427,-0.88597 0.18649,0.89600,0.40734
03/10/20 14:40:40.487873 0.18345,-0.36367,-0.22474,-0.88520 0.20037,0.90410,0.41825
03/10/20 14:40:40.497818 0.18352,-0.36613,-0.22525,-0.88404 0.22379,0.91553,0.41160
03/10/20 14:40:40.507271 0.18356,-0.36867,-0.22578,-0.88284 0.24844,0.95149,0.40448
03/10/20 14:40:40.516731 0.18361,-0.37146,-0.22630,-0.88153 0.23775,0.95470,0.39197
03/10/20 14:40:40.525951 0.18379,-0.37446,-0.22667,-0.88012 0.21993,0.95219,0.39407
03/10/20 14:40:40.535412 0.18396,-0.37755,-0.22684,-0.87872 0.21200,0.98179,0.38524
03/10/20 14:40:40.544861 0.18419,-0.38065,-0.22690,-0.87732 0.20584,0.98029,0.39735
03/10/20 14:40:40.554794 0.18455,-0.38395,-0.22681,-0.87583 0.19818,0.97652,0.40162
03/10/20 14:40:40.564247 0.18480,-0.38717,-0.22643,-0.87446 0.18927,0.98603,0.40356
03/10/20 14:40:40.573700 0.18506,-0.39065,-0.22585,-0.87301 0.18303,1.00781,0.40488
03/10/20 14:40:40.583145 0.18550,-0.39429,-0.22528,-0.87142 0.16098,1.01343,0.39389
03/10/20 14:40:40.592602 0.18615,-0.39803,-0.22474,-0.86972 0.13777,1.01336,0.39601
03/10/20 14:40:40.601811 0.18691,-0.40181,-0.22432,-0.86793 0.12734,1.02563,0.40605
03/10/20 14:40:40.611748 0.18781,-0.40576,-0.22417,-0.86593 0.12461,1.03035,0.40332
03/10/20 14:40:40.621201 0.18887,-0.40942,-0.22439,-0.86392 0.12921,1.02011,0.39010
03/10/20 14:40:40.630657 0.19008,-0.41297,-0.22494,-0.86182 0.14172,1.00774,0.37340
03/10/20 14:40:40.640118 0.19132,-0.41628,-0.22583,-0.85972 0.14359,0.98045,0.37732
03/10/20 14:40:40.649574 0.19261,-0.41948,-0.22702,-0.85756 0.14871,0.95762,0.37897
03/10/20 14:40:40.659019 0.19377,-0.42257,-0.22851,-0.85538 0.17324,0.93725,0.39204
03/10/20 14:40:40.668957 0.19309,-0.42469,-0.23036,-0.85399 0.17846,0.90119,0.40488
03/10/20 14:40:40.678166 0.19149,-0.42624,-0.23222,-0.85307 0.19123,0.86048,0.41747
03/10/20 14:40:40.687618 0.19082,-0.42859,-0.23402,-0.85155 0.19796,0.83275,0.40832
03/10/20 14:40:40.697063 0.19156,-0.43212,-0.23574,-0.84912 0.20834,0.81529,0.42219
03/10/20 14:40:40.706520 0.19231,-0.43612,-0.23726,-0.84648 0.21100,0.81789,0.41551
03/10/20 14:40:40.715977 0.19288,-0.44041,-0.23848,-0.84378 0.20310,0.82542,0.40762
03/10/20 14:40:40.725914 0.19258,-0.44566,-0.23962,-0.84077 0.18705,0.86212,0.39853
03/10/20 14:40:40.735359 0.19229,-0.45078,-0.24041,-0.83787 0.15597,0.87925,0.39882
03/10/20 14:40:40.744568 0.19208,-0.45591,-0.24107,-0.83495 0.13353,0.87768,0.39185
03/10/20 14:40:40.754025 0.19180,-0.46090,-0.24182,-0.83205 0.11932,0.87697,0.38997
03/10/20 14:40:40.763477 0.19141,-0.46578,-0.24260,-0.82919 0.13149,0.90370,0.38966
03/10/20 14:40:40.772923 0.19110,-0.47055,-0.24338,-0.82633 0.14929,0.88474,0.40546
03/10/20 14:40:40.782852 0.19107,-0.47572,-0.24425,-0.82312 0.16712,0.88684,0.41074
03/10/20 14:40:40.792294 0.19103,-0.48081,-0.24504,-0.81993 0.16146,0.89536,0.41316
03/10/20 14:40:40.801743 0.19115,-0.48634,-0.24587,-0.81639 0.15495,0.90272,0.40157
03/10/20 14:40:40.811176 0.19133,-0.49201,-0.24664,-0.81270 0.14331,0.90700,0.38488
03/10/20 14:40:40.820377 0.19154,-0.49776,-0.24734,-0.80893 0.13855,0.91612,0.38261
03/10/20 14:40:40.829826 0.19181,-0.50355,-0.24805,-0.80506 0.11962,0.91262,0.38522
03/10/20 14:40:40.839756 0.19234,-0.50963,-0.24869,-0.80090 0.11336,0.89791,0.38490
03/10/20 14:40:40.849175 0.19281,-0.51535,-0.24899,-0.79702 0.11310,0.88803,0.38844
03/10/20 14:40:40.858608 0.19330,-0.52112,-0.24893,-0.79316 0.09856,0.87936,0.36991
03/10/20 14:40:40.868050 0.19423,-0.52669,-0.24890,-0.78925 0.06837,0.87178,0.34606
03/10/20 14:40:40.877495 0.19529,-0.53234,-0.24903,-0.78515 0.07801,0.87211,0.34280
03/10/20 14:40:40.886925 0.19541,-0.53840,-0.24835,-0.78119 0.12849,0.88979,0.34256
03/10/20 14:40:40.896587 0.19552,-0.54501,-0.24776,-0.77676 0.10962,0.89049,0.34366
03/10/20 14:40:40.906029 0.19563,-0.55154,-0.24708,-0.77232 0.10935,0.90220,0.33519
03/10/20 14:40:40.915474 0.19572,-0.55816,-0.24625,-0.76780 0.08713,0.91082,0.34362
03/10/20 14:40:40.924904 0.19594,-0.56456,-0.24537,-0.76333 0.05986,0.91346,0.36739
03/10/20 14:40:40.934341 0.19619,-0.57075,-0.24454,-0.75891 0.07279,0.91188,0.37273
03/10/20 14:40:40.943771 0.19638,-0.57670,-0.24376,-0.75461 0.08503,0.92141,0.36347
03/10/20 14:40:40.953678 0.19664,-0.58312,-0.24276,-0.74991 0.08116,0.94227,0.35075
03/10/20 14:40:40.963089 0.19710,-0.58913,-0.24173,-0.74542 0.06722,0.95664,0.34358
03/10/20 14:40:40.972263 0.19787,-0.59487,-0.24114,-0.74083 0.04632,0.97223,0.34726
03/10/20 14:40:40.981693 0.19861,-0.60064,-0.24075,-0.73608 0.02196,0.97226,0.34496
03/10/20 14:40:40.991138 0.19915,-0.60642,-0.24084,-0.73116 0.03014,0.97515,0.32520
03/10/20 14:40:41.000572 0.19964,-0.61234,-0.24103,-0.72601 0.00682,0.96151,0.33186
03/10/20 14:40:41.010509 0.20004,-0.61917,-0.23961,-0.72056 -0.02202,0.93124,0.35889
03/10/20 14:40:41.019962 0.20049,-0.62533,-0.23817,-0.71557 -0.04514,0.92825,0.38244
03/10/20 14:40:41.029411 0.20098,-0.63147,-0.23683,-0.71047 -0.04952,0.93983,0.36858
03/10/20 14:40:41.038857 0.20167,-0.63752,-0.23517,-0.70540 -0.04725,0.93587,0.34818
03/10/20 14:40:41.048046 0.20243,-0.64333,-0.23357,-0.70042 -0.03630,0.94306,0.34485
03/10/20 14:40:41.057495 0.20321,-0.64908,-0.23207,-0.69537 -0.05481,0.94600,0.34420
03/10/20 14:40:41.067425 0.20354,-0.65490,-0.23230,-0.68973 -0.06016,0.95793,0.34782
03/10/20 14:40:41.076885 0.20362,-0.66026,-0.23333,-0.68422 -0.05969,0.95209,0.35697
03/10/20 14:40:41.086311 0.20383,-0.66533,-0.23424,-0.67891 -0.06924,0.93784,0.39161
03/10/20 14:40:41.095745 0.20483,-0.67048,-0.23354,-0.67376 -0.09133,0.92225,0.39779
03/10/20 14:40:41.105160 0.20608,-0.67541,-0.23227,-0.66888 -0.03946,0.90199,0.41782
03/10/20 14:40:41.114338 0.20697,-0.68051,-0.23187,-0.66355 -0.07092,0.93477,0.37491
03/10/20 14:40:41.124241 0.20768,-0.68600,-0.23191,-0.65764 -0.07047,0.96312,0.33431
03/10/20 14:40:41.133678 0.20868,-0.69123,-0.23069,-0.65225 -0.09755,0.95227,0.31440
03/10/20 14:40:41.143112 0.21087,-0.69625,-0.22741,-0.64735 -0.11589,0.91430,0.31289
03/10/20 14:40:41.152542 0.21188,-0.70111,-0.22815,-0.64148 -0.16622,0.85048,0.31575
03/10/20 14:40:41.161972 0.21260,-0.70592,-0.22908,-0.63561 -0.19056,0.83399,0.31852
03/10/20 14:40:41.171406 0.21459,-0.71049,-0.22714,-0.63052 -0.20108,0.88016,0.32481
03/10/20 14:40:41.181305 0.21643,-0.71493,-0.22434,-0.62586 -0.17461,0.91574,0.34597
03/10/20 14:40:41.190483 0.21569,-0.71953,-0.22570,-0.62034 -0.17151,0.94970,0.36213
03/10/20 14:40:41.199902 0.21483,-0.72390,-0.22753,-0.61485 -0.15708,0.95000,0.38197
03/10/20 14:40:41.209324 0.21612,-0.72733,-0.22633,-0.61078 -0.08702,0.87042,0.40291
03/10/20 14:40:41.218735 0.21647,-0.73086,-0.22707,-0.60616 -0.07822,0.83131,0.40984
03/10/20 14:40:41.228157 0.21596,-0.73484,-0.22927,-0.60068 -0.09468,0.80302,0.40282
03/10/20 14:40:41.238049 0.21547,-0.73901,-0.23121,-0.59496 -0.08933,0.78563,0.40245
03/10/20 14:40:41.247471 0.21493,-0.74317,-0.23281,-0.58933 -0.12699,0.79069,0.39428
03/10/20 14:40:41.256889 0.21436,-0.74738,-0.23426,-0.58360 -0.14651,0.78469,0.39889
03/10/20 14:40:41.266064 0.21360,-0.75150,-0.23586,-0.57791 -0.13752,0.78308,0.42763
03/10/20 14:40:41.275475 0.21264,-0.75552,-0.23756,-0.57231 -0.14238,0.79980,0.42505
03/10/20 14:40:41.284897 0.21132,-0.75947,-0.23940,-0.56678 -0.09170,0.78627,0.42903
03/10/20 14:40:41.294796 0.20979,-0.76365,-0.24122,-0.56093 -0.10224,0.80124,0.43881
03/10/20 14:40:41.304226 0.20884,-0.76760,-0.24235,-0.55538 -0.10331,0.83174,0.42255
03/10/20 14:40:41.313648 0.20781,-0.77146,-0.24322,-0.55001 -0.10509,0.82498,0.42926
03/10/20 14:40:41.323078 0.20686,-0.77532,-0.24395,-0.54458 -0.08808,0.82451,0.43998
03/10/20 14:40:41.332500 0.20699,-0.77885,-0.24394,-0.53948 -0.08051,0.83525,0.44205
03/10/20 14:40:41.341694 0.20851,-0.78196,-0.24273,-0.53492 -0.09389,0.88478,0.42964
03/10/20 14:40:41.351604 0.20948,-0.78525,-0.24130,-0.53036 -0.09609,0.90911,0.42623
03/10/20 14:40:41.361042 0.21026,-0.78825,-0.23986,-0.52623 -0.09749,0.90422,0.42579
03/10/20 14:40:41.370468 0.21082,-0.79118,-0.23851,-0.52222 -0.10269,0.88630,0.42722
03/10/20 14:40:41.379906 0.21122,-0.79393,-0.23722,-0.51844 -0.11210,0.88062,0.42881
03/10/20 14:40:41.389339 0.21158,-0.79668,-0.23596,-0.51464 -0.15642,0.87933,0.44140
03/10/20 14:40:41.398788 0.21150,-0.79930,-0.23543,-0.51084 -0.04325,0.82853,0.45885
03/10/20 14:40:41.408703 0.21123,-0.80179,-0.23487,-0.50730 -0.02872,0.85890,0.47128
03/10/20 14:40:41.417900 0.21063,-0.80462,-0.23430,-0.50332 -0.04826,0.90210,0.45650
03/10/20 14:40:41.427334 0.20952,-0.80788,-0.23430,-0.49853 -0.03989,0.91053,0.45268
03/10/20 14:40:41.436783 0.20909,-0.81062,-0.23380,-0.49449 -0.03694,0.89507,0.46461
03/10/20 14:40:41.446220 0.20904,-0.81304,-0.23320,-0.49081 -0.02942,0.89104,0.46977
03/10/20 14:40:41.455666 0.20898,-0.81537,-0.23268,-0.48720 -0.02971,0.88729,0.46193
03/10/20 14:40:41.465580 0.20877,-0.81802,-0.23246,-0.48293 -0.04727,0.87887,0.46531
03/10/20 14:40:41.475029 0.20845,-0.82060,-0.23242,-0.47869 -0.08708,0.84352,0.44473
03/10/20 14:40:41.484226 0.20800,-0.82370,-0.23264,-0.47343 -0.11481,0.83147,0.43468
03/10/20 14:40:41.493683 0.20723,-0.82739,-0.23327,-0.46698 -0.14132,0.80760,0.41587
03/10/20 14:40:41.503132 0.20630,-0.83105,-0.23413,-0.46042 -0.15440,0.78054,0.42038
03/10/20 14:40:41.512588 0.20511,-0.83463,-0.23501,-0.45397 -0.15901,0.77526,0.42612
03/10/20 14:40:41.522507 0.20353,-0.83832,-0.23583,-0.44741 -0.14489,0.77811,0.43043
03/10/20 14:40:41.531967 0.20192,-0.84167,-0.23647,-0.44147 -0.15555,0.77458,0.43496
03/10/20 14:40:41.541416 0.20010,-0.84505,-0.23703,-0.43550 -0.12834,0.78813,0.44352
03/10/20 14:40:41.550877 0.19813,-0.84830,-0.23742,-0.42984 -0.10151,0.81082,0.43773
03/10/20 14:40:41.560074 0.19638,-0.85135,-0.23748,-0.42456 -0.11187,0.82186,0.43721
03/10/20 14:40:41.569527 0.19495,-0.85405,-0.23743,-0.41978 -0.10942,0.82892,0.43910
03/10/20 14:40:41.579441 0.19341,-0.85709,-0.23729,-0.41436 -0.11006,0.81165,0.44442
03/10/20 14:40:41.588886 0.19189,-0.86004,-0.23722,-0.40894 -0.10774,0.79999,0.46198
03/10/20 14:40:41.598328 0.19145,-0.86187,-0.23759,-0.40506 -0.10076,0.83558,0.44882
03/10/20 14:40:41.607777 0.19149,-0.86291,-0.23789,-0.40266 -0.08781,0.87085,0.44990
03/10/20 14:40:41.617210 0.19147,-0.86420,-0.23777,-0.39996 -0.09050,0.89032,0.45614
03/10/20 14:40:41.626644 0.19194,-0.86564,-0.23742,-0.39680 -0.10126,0.87378,0.44996
03/10/20 14:40:41.636295 0.19259,-0.86737,-0.23697,-0.39297 -0.10338,0.87531,0.43643
03/10/20 14:40:41.645737 0.19340,-0.86902,-0.23629,-0.38931 -0.11353,0.89221,0.43658
03/10/20 14:40:41.655170 0.19446,-0.87070,-0.23553,-0.38547 -0.12426,0.88537,0.43524
03/10/20 14:40:41.664604 0.19564,-0.87245,-0.23479,-0.38135 -0.13772,0.85712,0.41540
03/10/20 14:40:41.674034 0.19690,-0.87418,-0.23396,-0.37723 -0.14114,0.84570,0.42217
03/10/20 14:40:41.683476 0.19766,-0.87616,-0.23321,-0.37267 -0.14209,0.83557,0.42571
03/10/20 14:40:41.693394 0.19714,-0.87873,-0.23260,-0.36724 -0.13675,0.83477,0.41757
03/10/20 14:40:41.702843 0.19685,-0.88097,-0.23202,-0.36237 -0.12977,0.83191,0.43625
03/10/20 14:40:41.712025 0.19765,-0.88255,-0.23136,-0.35848 -0.12620,0.85510,0.45176
03/10/20 14:40:41.721458 0.19829,-0.88411,-0.23066,-0.35472 -0.11743,0.88641,0.44380
03/10/20 14:40:41.730888 0.19892,-0.88563,-0.22996,-0.35102 -0.11902,0.87531,0.44686
03/10/20 14:40:41.740326 0.19950,-0.88714,-0.22914,-0.34739 -0.12103,0.90111,0.43261
03/10/20 14:40:41.750240 0.19931,-0.88921,-0.22807,-0.34288 -0.12897,0.91473,0.42615
03/10/20 14:40:41.759678 0.19973,-0.89079,-0.22714,-0.33912 -0.12944,0.90439,0.42821
03/10/20 14:40:41.769108 0.20008,-0.89247,-0.22620,-0.33512 -0.13796,0.90995,0.43166
03/10/20 14:40:41.778545 0.19937,-0.89482,-0.22505,-0.32999 -0.16096,0.93704,0.42492
03/10/20 14:40:41.787727 0.19866,-0.89715,-0.22390,-0.32484 -0.17259,0.94060,0.41881
03/10/20 14:40:41.797165 0.19904,-0.89898,-0.22281,-0.32027 -0.15371,0.90261,0.41952
03/10/20 14:40:41.807064 0.19978,-0.90100,-0.22147,-0.31502 -0.12810,0.85716,0.43601
03/10/20 14:40:41.816498 0.19972,-0.90356,-0.22011,-0.30862 -0.11245,0.84033,0.44393
03/10/20 14:40:41.825920 0.19903,-0.90636,-0.21869,-0.30180 -0.10859,0.88999,0.42624
03/10/20 14:40:41.835361 0.19741,-0.90890,-0.21761,-0.29594 -0.09174,0.93070,0.42577
03/10/20 14:40:41.844788 0.19562,-0.91118,-0.21667,-0.29074 -0.07443,0.95475,0.44684
03/10/20 14:40:41.853970 0.19404,-0.91335,-0.21570,-0.28568 -0.06358,0.95869,0.45732
03/10/20 14:40:41.863857 0.19277,-0.91553,-0.21458,-0.28036 -0.05688,0.96272,0.46364
03/10/20 14:40:41.873283 0.19186,-0.91755,-0.21346,-0.27520 -0.07376,0.96031,0.45048
03/10/20 14:40:41.882698 0.19110,-0.91954,-0.21239,-0.26986 -0.09098,0.93384,0.43853
03/10/20 14:40:41.892124 0.19028,-0.92161,-0.21127,-0.26420 -0.11865,0.91466,0.44084
03/10/20 14:40:41.901531 0.18963,-0.92346,-0.21032,-0.25888 -0.12355,0.93820,0.42910
03/10/20 14:40:41.910954 0.18904,-0.92527,-0.20937,-0.25358 -0.13395,0.94008,0.41020
03/10/20 14:40:41.920841 0.18838,-0.92713,-0.20836,-0.24803 -0.13527,0.92843,0.40515
03/10/20 14:40:41.930012 0.18770,-0.92887,-0.20732,-0.24286 -0.13212,0.93028,0.39896
03/10/20 14:40:41.939426 0.18707,-0.93052,-0.20625,-0.23790 -0.14016,0.92484,0.40078
03/10/20 14:40:41.948845 0.18628,-0.93216,-0.20517,-0.23300 -0.12965,0.92600,0.40440
03/10/20 14:40:41.958252 0.18551,-0.93368,-0.20425,-0.22827 -0.09894,0.92746,0.41649
03/10/20 14:40:41.967670 0.18408,-0.93529,-0.20339,-0.22355 -0.06956,0.92305,0.41733
03/10/20 14:40:41.977562 0.18194,-0.93714,-0.20255,-0.21825 -0.04757,0.92505,0.40536
03/10/20 14:40:41.986992 0.17835,-0.93929,-0.20155,-0.21285 -0.05534,0.91894,0.40448
03/10/20 14:40:41.996407 0.17444,-0.94145,-0.20075,-0.20725 -0.06389,0.90396,0.40541
03/10/20 14:40:42.005592 0.17076,-0.94347,-0.20024,-0.20150 -0.09198,0.88976,0.39268
03/10/20 14:40:42.015011 0.16745,-0.94536,-0.20002,-0.19555 -0.12974,0.86473,0.39314
03/10/20 14:40:42.024445 0.16624,-0.94677,-0.20029,-0.18944 -0.17507,0.81848,0.38868
03/10/20 14:40:42.034351 0.16524,-0.94813,-0.20062,-0.18302 -0.21443,0.80948,0.38409
03/10/20 14:40:42.043793 0.16293,-0.94967,-0.20032,-0.17736 -0.24635,0.82984,0.39370
03/10/20 14:40:42.053223 0.16033,-0.95127,-0.19964,-0.17182 -0.25354,0.82580,0.39870
03/10/20 14:40:42.062672 0.15800,-0.95272,-0.19901,-0.16659 -0.24489,0.84864,0.40804
03/10/20 14:40:42.071869 0.15608,-0.95402,-0.19840,-0.16162 -0.26380,0.88680,0.42184
03/10/20 14:40:42.081326 0.15459,-0.95518,-0.19786,-0.15678 -0.27563,0.88378,0.42514
03/10/20 14:40:42.091248 0.15307,-0.95642,-0.19706,-0.15167 -0.28032,0.85905,0.43499
03/10/20 14:40:42.100700 0.15175,-0.95746,-0.19651,-0.14705 -0.27348,0.88117,0.44336
03/10/20 14:40:42.110142 0.15024,-0.95843,-0.19610,-0.14278 -0.25369,0.88020,0.45431
03/10/20 14:40:42.119587 0.14851,-0.95936,-0.19580,-0.13869 -0.23313,0.88315,0.45465
03/10/20 14:40:42.129025 0.14676,-0.96030,-0.19542,-0.13450 -0.24514,0.88428,0.45865
03/10/20 14:40:42.138950 0.14528,-0.96126,-0.19482,-0.13007 -0.26591,0.89711,0.45424
03/10/20 14:40:42.148392 0.14406,-0.96213,-0.19415,-0.12596 -0.27649,0.91322,0.45662
03/10/20 14:40:42.157593 0.14304,-0.96293,-0.19351,-0.12190 -0.29377,0.91420,0.45623
03/10/20 14:40:42.167027 0.14221,-0.96365,-0.19303,-0.11785 -0.30046,0.89876,0.45592
03/10/20 14:40:42.176476 0.14166,-0.96433,-0.19250,-0.11378 -0.32199,0.90775,0.45893
03/10/20 14:40:42.185913 0.14134,-0.96496,-0.19188,-0.10980 -0.33558,0.89281,0.44709
03/10/20 14:40:42.195835 0.14128,-0.96553,-0.19127,-0.10591 -0.35445,0.88256,0.45542
03/10/20 14:40:42.205273 0.14140,-0.96605,-0.19049,-0.10236 -0.35207,0.90738,0.45272
03/10/20 14:40:42.214718 0.14167,-0.96652,-0.18962,-0.09909 -0.35370,0.90793,0.44978
03/10/20 14:40:42.223904 0.14223,-0.96689,-0.18886,-0.09605 -0.35403,0.91056,0.44164
03/10/20 14:40:42.233353 0.14293,-0.96722,-0.18801,-0.09336 -0.34316,0.89830,0.44241
03/10/20 14:40:42.242790 0.14365,-0.96753,-0.18712,-0.09077 -0.36281,0.90097,0.44301
03/10/20 14:40:42.252720 0.14458,-0.96781,-0.18611,-0.08829 -0.36104,0.89199,0.43914
03/10/20 14:40:42.262157 0.14538,-0.96806,-0.18515,-0.08624 -0.35252,0.88636,0.43914
03/10/20 14:40:42.271606 0.14608,-0.96830,-0.18419,-0.08443 -0.35567,0.89000,0.44060
03/10/20 14:40:42.281040 0.14670,-0.96854,-0.18318,-0.08278 -0.35982,0.91145,0.44585
03/10/20 14:40:42.290493 0.14714,-0.96877,-0.18225,-0.08140 -0.34798,0.91388,0.44698
03/10/20 14:40:42.299683 0.14733,-0.96895,-0.18160,-0.08026 -0.32739,0.91012,0.46263
03/10/20 14:40:42.309605 0.14725,-0.96914,-0.18109,-0.07929 -0.29498,0.92066,0.46356
03/10/20 14:40:42.319038 0.14697,-0.96933,-0.18067,-0.07846 -0.26704,0.93386,0.45490
03/10/20 14:40:42.328480 0.14655,-0.96950,-0.18045,-0.07767 -0.25298,0.92756,0.45191
03/10/20 14:40:42.337906 0.14594,-0.96964,-0.18053,-0.07684 -0.25791,0.90371,0.44404
03/10/20 14:40:42.347351 0.14447,-0.96980,-0.18124,-0.07588 -0.26241,0.87508,0.44186
03/10/20 14:40:42.356777 0.14149,-0.96995,-0.18348,-0.07419 -0.28363,0.85025,0.44493
03/10/20 14:40:42.366703 0.13934,-0.97004,-0.18547,-0.07217 -0.28570,0.85030,0.44248
03/10/20 14:40:42.375893 0.13807,-0.97014,-0.18640,-0.07078 -0.28687,0.87721,0.44471
03/10/20 14:40:42.385338 0.13774,-0.97024,-0.18640,-0.07020 -0.29536,0.88743,0.44787
03/10/20 14:40:42.394779 0.13756,-0.97030,-0.18632,-0.06989 -0.28339,0.89771,0.44844
03/10/20 14:40:42.404224 0.13745,-0.97034,-0.18625,-0.06978 -0.27314,0.90521,0.44240
03/10/20 14:40:42.413666 0.13739,-0.97033,-0.18635,-0.06975 -0.27559,0.89841,0.43952
03/10/20 14:40:42.423592 0.13707,-0.97030,-0.18677,-0.06964 -0.27073,0.88184,0.43521
03/10/20 14:40:42.433033 0.13531,-0.97039,-0.18786,-0.06883 -0.26686,0.86160,0.43094
03/10/20 14:40:42.442471 0.13359,-0.97039,-0.18953,-0.06767 -0.27188,0.84455,0.43703
03/10/20 14:40:42.451660 0.13202,-0.97038,-0.19102,-0.06670 -0.27658,0.86841,0.43291
03/10/20 14:40:42.461109 0.13057,-0.97039,-0.19225,-0.06584 -0.27268,0.86291,0.43786
03/10/20 14:40:42.470543 0.12940,-0.97034,-0.19361,-0.06483 -0.27598,0.85442,0.43353
03/10/20 14:40:42.480473 0.12857,-0.97026,-0.19477,-0.06432 -0.27883,0.86763,0.42383
03/10/20 14:40:42.489918 0.12828,-0.97018,-0.19526,-0.06451 -0.29115,0.88174,0.41714
03/10/20 14:40:42.499371 0.12828,-0.97008,-0.19563,-0.06488 -0.30909,0.87153,0.41242
03/10/20 14:40:42.508808 0.12875,-0.96991,-0.19618,-0.06484 -0.32170,0.85473,0.41856
03/10/20 14:40:42.518261 0.12911,-0.96971,-0.19683,-0.06522 -0.31676,0.86236,0.42830
03/10/20 14:40:42.527447 0.12925,-0.96951,-0.19765,-0.06539 -0.30720,0.85918,0.42802
03/10/20 14:40:42.537373 0.12922,-0.96930,-0.19858,-0.06582 -0.29949,0.85627,0.42702
03/10/20 14:40:42.546806 0.12931,-0.96908,-0.19941,-0.06640 -0.30785,0.85827,0.42484
03/10/20 14:40:42.556252 0.12957,-0.96880,-0.20040,-0.06694 -0.30578,0.84210,0.43579
03/10/20 14:40:42.565693 0.12974,-0.96852,-0.20147,-0.06746 -0.30703,0.84438,0.43234
03/10/20 14:40:42.575142 0.12992,-0.96826,-0.20234,-0.06818 -0.30167,0.83759,0.42941
03/10/20 14:40:42.584576 0.12974,-0.96807,-0.20317,-0.06883 -0.29010,0.85157,0.42897
03/10/20 14:40:42.594505 0.12952,-0.96788,-0.20365,-0.07045 -0.28436,0.88368,0.42938
03/10/20 14:40:42.603691 0.12930,-0.96767,-0.20409,-0.07245 -0.26834,0.87428,0.43379
03/10/20 14:40:42.613140 0.12895,-0.96745,-0.20464,-0.07437 -0.26600,0.87880,0.42857
03/10/20 14:40:42.622582 0.12877,-0.96721,-0.20512,-0.07655 -0.26105,0.88164,0.42261
03/10/20 14:40:42.632023 0.12836,-0.96702,-0.20550,-0.07855 -0.26987,0.85178,0.42023
03/10/20 14:40:42.641453 0.12810,-0.96680,-0.20593,-0.08053 -0.27263,0.85729,0.41478
03/10/20 14:40:42.651379 0.12783,-0.96654,-0.20640,-0.08286 -0.26706,0.85106,0.40840
03/10/20 14:40:42.660812 0.12764,-0.96625,-0.20696,-0.08511 -0.26105,0.82896,0.41053
03/10/20 14:40:42.670013 0.12746,-0.96577,-0.20822,-0.08763 -0.25949,0.78182,0.42571
03/10/20 14:40:42.679455 0.12717,-0.96527,-0.20963,-0.09021 -0.26168,0.74702,0.43637
03/10/20 14:40:42.688896 0.12678,-0.96480,-0.21089,-0.09285 -0.25239,0.74434,0.44741
03/10/20 14:40:42.698338 0.12636,-0.96437,-0.21189,-0.09556 -0.25130,0.76152,0.44601
03/10/20 14:40:42.708271 0.12598,-0.96394,-0.21278,-0.09835 -0.24469,0.78907,0.45311
03/10/20 14:40:42.717701 0.12589,-0.96350,-0.21411,-0.09984 -0.23682,0.80877,0.45977
03/10/20 14:40:42.727142 0.12547,-0.96317,-0.21510,-0.10148 -0.21866,0.82473,0.45902
03/10/20 14:40:42.736580 0.12503,-0.96290,-0.21579,-0.10312 -0.21829,0.83705,0.46727
03/10/20 14:40:42.745773 0.12510,-0.96261,-0.21621,-0.10485 -0.23235,0.85394,0.46770
03/10/20 14:40:42.755219 0.12559,-0.96222,-0.21612,-0.10797 -0.23628,0.89172,0.46591
03/10/20 14:40:42.765152 0.12627,-0.96180,-0.21578,-0.11155 -0.24611,0.91684,0.47116
03/10/20 14:40:42.774593 0.12706,-0.96136,-0.21534,-0.11517 -0.22275,0.95070,0.47021
03/10/20 14:40:42.784054 0.12804,-0.96087,-0.21481,-0.11913 -0.18993,0.97764,0.48329
03/10/20 14:40:42.793495 0.12936,-0.96033,-0.21422,-0.12308 -0.17469,0.99726,0.48326
03/10/20 14:40:42.802940 0.13114,-0.95969,-0.21367,-0.12707 -0.17294,0.99967,0.47388
03/10/20 14:40:42.812374 0.13333,-0.95896,-0.21320,-0.13098 -0.19479,1.00028,0.46786
03/10/20 14:40:42.822052 0.13611,-0.95811,-0.21270,-0.13513 -0.23105,0.99944,0.46048
03/10/20 14:40:42.831493 0.13897,-0.95718,-0.21241,-0.13922 -0.23958,0.96282,0.46480
03/10/20 14:40:42.840939 0.14178,-0.95617,-0.21232,-0.14339 -0.26805,0.94621,0.46144
03/10/20 14:40:42.850380 0.14438,-0.95516,-0.21221,-0.14765 -0.26662,0.96685,0.44795
03/10/20 14:40:42.859841 0.14664,-0.95415,-0.21211,-0.15201 -0.25701,0.97328,0.44562
03/10/20 14:40:42.869289 0.14877,-0.95307,-0.21209,-0.15668 -0.24989,0.98364,0.45385
03/10/20 14:40:42.879231 0.15091,-0.95187,-0.21208,-0.16182 -0.23404,0.99998,0.44720
03/10/20 14:40:42.888683 0.15295,-0.95064,-0.21218,-0.16692 -0.21923,0.99232,0.45013
03/10/20 14:40:42.897884 0.15496,-0.94932,-0.21243,-0.17218 -0.20477,0.98192,0.45555
03/10/20 14:40:42.907330 0.15690,-0.94795,-0.21273,-0.17755 -0.18152,0.98101,0.45295
03/10/20 14:40:42.916779 0.15888,-0.94650,-0.21309,-0.18299 -0.16827,0.96708,0.45151
03/10/20 14:40:42.926216 0.16103,-0.94503,-0.21344,-0.18824 -0.15867,0.92019,0.45532
03/10/20 14:40:42.936142 0.16372,-0.94397,-0.21207,-0.19273 -0.19151,0.88293,0.44380
03/10/20 14:40:42.945572 0.16680,-0.94325,-0.20991,-0.19596 -0.21213,0.84446,0.44281
03/10/20 14:40:42.955017 0.17052,-0.94218,-0.20864,-0.19924 -0.23745,0.80811,0.44526
03/10/20 14:40:42.964455 0.17463,-0.94087,-0.20807,-0.20244 -0.24078,0.80506,0.45048
03/10/20 14:40:42.973648 0.17850,-0.93949,-0.20791,-0.20561 -0.21544,0.81933,0.45954
03/10/20 14:40:42.983074 0.18181,-0.93812,-0.20808,-0.20873 -0.18374,0.84084,0.46308
03/10/20 14:40:42.993046 0.18460,-0.93678,-0.20827,-0.21213 -0.15983,0.88315,0.45713
03/10/20 14:40:43.002487 0.18688,-0.93548,-0.20842,-0.21568 -0.13430,0.88266,0.45747
03/10/20 14:40:43.011940 0.18951,-0.93427,-0.20853,-0.21849 -0.12203,0.87518,0.46361
03/10/20 14:40:43.021378 0.19226,-0.93306,-0.20847,-0.22131 -0.12127,0.88986,0.45388
03/10/20 14:40:43.030830 0.19508,-0.93188,-0.20820,-0.22404 -0.13299,0.88987,0.45297
03/10/20 14:40:43.040028 0.19743,-0.93035,-0.20813,-0.22837 -0.14185,0.90331,0.45438
03/10/20 14:40:43.049950 0.20034,-0.92895,-0.20773,-0.23186 -0.12842,0.89569,0.45584
03/10/20 14:40:43.059391 0.20281,-0.92725,-0.20754,-0.23664 -0.14410,0.91851,0.44343
03/10/20 14:40:43.068844 0.20537,-0.92552,-0.20733,-0.24135 -0.15326,0.91273,0.43813
03/10/20 14:40:43.078285 0.20814,-0.92425,-0.20683,-0.24424 -0.15904,0.88159,0.43894
03/10/20 14:40:43.087738 0.21074,-0.92325,-0.20634,-0.24621 -0.17455,0.87928,0.43217
03/10/20 14:40:43.097191 0.21309,-0.92226,-0.20592,-0.24825 -0.17458,0.88033,0.41789
03/10/20 14:40:43.107136 0.21528,-0.92117,-0.20558,-0.25069 -0.15757,0.89643,0.41075
03/10/20 14:40:43.116589 0.21734,-0.92007,-0.20526,-0.25318 -0.15709,0.90633,0.41754
03/10/20 14:40:43.125805 0.21958,-0.91877,-0.20513,-0.25604 -0.14486,0.88904,0.42377
03/10/20 14:40:43.135262 0.22205,-0.91723,-0.20521,-0.25937 -0.15849,0.87500,0.41537
03/10/20 14:40:43.144730 0.22503,-0.91520,-0.20565,-0.26357 -0.18538,0.83232,0.42749
03/10/20 14:40:43.154182 0.22741,-0.91289,-0.20668,-0.26871 -0.16101,0.80537,0.42758
03/10/20 14:40:43.164124 0.22915,-0.91055,-0.20800,-0.27409 -0.15337,0.77715,0.44033
03/10/20 14:40:43.173576 0.23052,-0.90825,-0.20943,-0.27942 -0.13402,0.80224,0.44810
03/10/20 14:40:43.183037 0.23142,-0.90599,-0.21095,-0.28484 -0.09686,0.79363,0.43958
03/10/20 14:40:43.192238 0.23203,-0.90375,-0.21259,-0.29018 -0.06160,0.78596,0.44410
03/10/20 14:40:43.201695 0.23261,-0.90154,-0.21413,-0.29540 -0.06993,0.77620,0.45260
03/10/20 14:40:43.211144 0.23319,-0.89932,-0.21555,-0.30065 -0.06484,0.77488,0.46833
03/10/20 14:40:43.221069 0.23377,-0.89693,-0.21702,-0.30621 -0.04129,0.76145,0.47765
03/10/20 14:40:43.230511 0.23437,-0.89468,-0.21828,-0.31141 -0.06194,0.76011,0.49354
03/10/20 14:40:43.239948 0.23498,-0.89222,-0.21991,-0.31682 -0.09236,0.78245,0.51321
03/10/20 14:40:43.249390 0.23568,-0.88903,-0.22246,-0.32339 -0.09689,0.79195,0.50455
03/10/20 14:40:43.258846 0.23661,-0.88646,-0.22367,-0.32891 -0.10965,0.77879,0.50056
03/10/20 14:40:43.268047 0.23760,-0.88362,-0.22492,-0.33494 -0.12738,0.79046,0.49319
03/10/20 14:40:43.277985 0.23854,-0.88039,-0.22603,-0.34193 -0.12141,0.79632,0.48326
03/10/20 14:40:43.287434 0.23938,-0.87739,-0.22679,-0.34849 -0.11977,0.80100,0.48222
03/10/20 14:40:43.296894 0.24053,-0.87463,-0.22706,-0.35443 -0.12362,0.78390,0.47994
03/10/20 14:40:43.306347 0.24190,-0.87198,-0.22704,-0.35998 -0.14184,0.77442,0.48654
03/10/20 14:40:43.315800 0.24322,-0.86939,-0.22696,-0.36538 -0.15066,0.77089,0.49081
03/10/20 14:40:43.325245 0.24436,-0.86666,-0.22689,-0.37108 -0.14791,0.77647,0.49369
03/10/20 14:40:43.335190 0.24506,-0.86353,-0.22710,-0.37774 -0.12661,0.78835,0.50009
03/10/20 14:40:43.344383 0.24395,-0.85884,-0.22891,-0.38792 -0.11115,0.82409,0.50263
03/10/20 14:40:43.353836 0.24290,-0.85452,-0.22981,-0.39748 -0.10750,0.83541,0.50029
03/10/20 14:40:43.363277 0.24210,-0.85043,-0.23026,-0.40636 -0.10010,0.83447,0.49877
03/10/20 14:40:43.372734 0.24158,-0.84654,-0.23040,-0.41464 -0.09543,0.82783,0.48896
03/10/20 14:40:43.382664 0.24133,-0.84273,-0.23011,-0.42264 -0.10170,0.83490,0.47934
03/10/20 14:40:43.392120 0.24114,-0.83927,-0.22966,-0.42981 -0.10135,0.82683,0.47843
03/10/20 14:40:43.401562 0.24105,-0.83589,-0.22907,-0.43671 -0.09873,0.83558,0.47095
03/10/20 14:40:43.411015 0.24111,-0.83265,-0.22833,-0.44320 -0.12507,0.81767,0.47079
03/10/20 14:40:43.420212 0.24192,-0.82996,-0.22769,-0.44810 -0.14255,0.79630,0.48364
03/10/20 14:40:43.429665 0.24251,-0.82730,-0.22717,-0.45295 -0.12769,0.78701,0.49421
03/10/20 14:40:43.439590 0.24286,-0.82453,-0.22672,-0.45800 -0.11119,0.78794,0.49705
03/10/20 14:40:43.449047 0.24299,-0.82183,-0.22629,-0.46297 -0.08428,0.79787,0.50294
03/10/20 14:40:43.458492 0.24288,-0.81901,-0.22564,-0.46831 -0.05565,0.80558,0.49875
03/10/20 14:40:43.467949 0.24300,-0.81637,-0.22489,-0.47320 -0.04765,0.80139,0.49997
03/10/20 14:40:43.477398 0.24326,-0.81376,-0.22386,-0.47803 -0.05909,0.81113,0.49159
03/10/20 14:40:43.486855 0.24375,-0.81118,-0.22273,-0.48266 -0.06454,0.80985,0.48278
03/10/20 14:40:43.496532 0.24429,-0.80853,-0.22142,-0.48742 -0.07562,0.81067,0.48997
03/10/20 14:40:43.505989 0.24490,-0.80598,-0.22024,-0.49184 -0.07670,0.79873,0.48664
03/10/20 14:40:43.515438 0.24544,-0.80345,-0.21910,-0.49621 -0.07378,0.80033,0.48095
03/10/20 14:40:43.524887 0.24573,-0.80125,-0.21767,-0.50023 -0.07395,0.83602,0.48481
03/10/20 14:40:43.534332 0.24602,-0.79915,-0.21632,-0.50403 -0.06217,0.83986,0.48913
03/10/20 14:40:43.543789 0.24636,-0.79698,-0.21519,-0.50776 -0.04818,0.82974,0.49283
03/10/20 14:40:43.553711 0.24666,-0.79475,-0.21427,-0.51149 -0.03748,0.82139,0.49382
03/10/20 14:40:43.563164 0.24686,-0.79276,-0.21350,-0.51479 -0.04589,0.84100,0.48238
03/10/20 14:40:43.572361 0.24698,-0.79086,-0.21283,-0.51793 -0.03263,0.83197,0.48114
03/10/20 14:40:43.581818 0.24705,-0.78903,-0.21231,-0.52089 -0.04900,0.83860,0.47996
03/10/20 14:40:43.591263 0.24708,-0.78733,-0.21175,-0.52367 -0.05813,0.84262,0.47506
03/10/20 14:40:43.600716 0.24710,-0.78566,-0.21129,-0.52635 -0.05864,0.82250,0.47623
03/10/20 14:40:43.610638 0.24702,-0.78395,-0.21080,-0.52912 -0.05186,0.84114,0.47602
03/10/20 14:40:43.620090 0.24685,-0.78249,-0.21030,-0.53156 -0.03711,0.87701,0.48347
03/10/20 14:40:43.629536 0.24669,-0.78088,-0.20977,-0.53420 -0.02720,0.88118,0.49469
03/10/20 14:40:43.638996 0.24646,-0.77874,-0.20909,-0.53768 -0.00709,0.88893,0.49941
03/10/20 14:40:43.648190 0.24624,-0.77654,-0.20840,-0.54123 -0.00998,0.89721,0.50157
03/10/20 14:40:43.657646 0.24601,-0.77435,-0.20771,-0.54472 -0.00919,0.91086,0.50489
03/10/20 14:40:43.667576 0.24581,-0.77211,-0.20728,-0.54814 0.00172,0.89229,0.50277
03/10/20 14:40:43.677017 0.24565,-0.77008,-0.20712,-0.55112 0.00515,0.88740,0.50255
03/10/20 14:40:43.686455 0.24535,-0.76812,-0.20713,-0.55398 0.02452,0.90177,0.50697
03/10/20 14:40:43.695885 0.24495,-0.76613,-0.20723,-0.55687 0.02879,0.90397,0.50742
03/10/20 14:40:43.705322 0.24464,-0.76430,-0.20761,-0.55937 0.02578,0.88908,0.49379
03/10/20 14:40:43.714504 0.24438,-0.76262,-0.20823,-0.56155 0.00892,0.88556,0.49688
03/10/20 14:40:43.724423 0.24420,-0.76130,-0.20985,-0.56280 -0.02028,0.86527,0.48298
03/10/20 14:40:43.733849 0.24413,-0.76016,-0.21139,-0.56380 -0.03366,0.84030,0.47000
03/10/20 14:40:43.743279 0.24403,-0.75909,-0.21283,-0.56475 -0.04944,0.83335,0.46229
03/10/20 14:40:43.752708 0.24381,-0.75805,-0.21411,-0.56574 -0.06647,0.85546,0.45974
03/10/20 14:40:43.762150 0.24354,-0.75704,-0.21532,-0.56676 -0.06138,0.84379,0.46646
03/10/20 14:40:43.771572 0.24306,-0.75595,-0.21658,-0.56794 -0.01667,0.86133,0.48373
03/10/20 14:40:43.781498 0.24234,-0.75402,-0.21675,-0.57075 0.02200,0.91249,0.49877
03/10/20 14:40:43.790672 0.24185,-0.75209,-0.21658,-0.57355 0.03991,0.91765,0.50968
03/10/20 14:40:43.800106 0.24173,-0.75019,-0.21639,-0.57616 0.05033,0.90014,0.50412
03/10/20 14:40:43.809536 0.24190,-0.74840,-0.21611,-0.57852 0.04772,0.88568,0.51484
03/10/20 14:40:43.818966 0.24221,-0.74675,-0.21550,-0.58074 0.01825,0.89771,0.51295
03/10/20 14:40:43.828388 0.24260,-0.74529,-0.21491,-0.58267 -0.01234,0.89325,0.50334
03/10/20 14:40:43.838303 0.24288,-0.74426,-0.21524,-0.58375 -0.02262,0.87613,0.50160
03/10/20 14:40:43.847729 0.24298,-0.74361,-0.21626,-0.58415 -0.03067,0.86016,0.50277
03/10/20 14:40:43.857155 0.24282,-0.74300,-0.21736,-0.58458 -0.01540,0.87402,0.49714
03/10/20 14:40:43.866341 0.24261,-0.74166,-0.21740,-0.58636 -0.01292,0.90180,0.49343
03/10/20 14:40:43.875778 0.24249,-0.74027,-0.21730,-0.58820 -0.00319,0.89977,0.49708
03/10/20 14:40:43.885212 0.24249,-0.73886,-0.21716,-0.59002 -0.00423,0.89179,0.50331
03/10/20 14:40:43.895126 0.24263,-0.73747,-0.21696,-0.59177 -0.01032,0.88946,0.49746
03/10/20 14:40:43.904556 0.24286,-0.73690,-0.21766,-0.59214 0.00220,0.87631,0.49406
03/10/20 14:40:43.913982 0.24304,-0.73637,-0.21850,-0.59241 0.00757,0.84794,0.49132
03/10/20 14:40:43.923412 0.24312,-0.73589,-0.21945,-0.59263 0.00702,0.84491,0.48447
03/10/20 14:40:43.932838 0.24307,-0.73546,-0.22040,-0.59282 -0.00010,0.85554,0.47999
03/10/20 14:40:43.942001 0.24296,-0.73506,-0.22145,-0.59298 -0.00682,0.84611,0.48504
03/10/20 14:40:43.951893 0.24279,-0.73456,-0.22274,-0.59318 -0.00590,0.84050,0.49492
03/10/20 14:40:43.961304 0.24254,-0.73412,-0.22402,-0.59334 0.00550,0.83680,0.50768
03/10/20 14:40:43.970722 0.24226,-0.73367,-0.22521,-0.59356 0.01641,0.80211,0.51382
03/10/20 14:40:43.980137 0.24205,-0.73328,-0.22621,-0.59375 0.01556,0.81131,0.50784
03/10/20 14:40:43.989540 0.24181,-0.73300,-0.22685,-0.59395 0.00346,0.83122,0.49396
03/10/20 14:40:43.998962 0.24164,-0.73277,-0.22728,-0.59415 -0.00940,0.81501,0.49517
03/10/20 14:40:44.008865 0.24171,-0.73190,-0.22729,-0.59518 -0.00631,0.80181,0.50462
03/10/20 14:40:44.018024 0.24159,-0.73160,-0.22737,-0.59556 -0.00001,0.81002,0.51041
03/10/20 14:40:44.027451 0.24144,-0.73130,-0.22737,-0.59599 0.00404,0.81747,0.50589
03/10/20 14:40:44.036861 0.24124,-0.73105,-0.22728,-0.59642 -0.00877,0.83199,0.50289
03/10/20 14:40:44.046284 0.24107,-0.73077,-0.22727,-0.59683 -0.01765,0.83532,0.50734
03/10/20 14:40:44.055702 0.24088,-0.73052,-0.22738,-0.59717 -0.01926,0.81933,0.50996
03/10/20 14:40:44.065601 0.24056,-0.73015,-0.22727,-0.59779 -0.00333,0.88195,0.49355
03/10/20 14:40:44.075020 0.24022,-0.72989,-0.22709,-0.59832 -0.02115,0.84753,0.49791
03/10/20 14:40:44.084183 0.23972,-0.72975,-0.22726,-0.59863 -0.00025,0.86357,0.50501
03/10/20 14:40:44.093601 0.23926,-0.72955,-0.22746,-0.59898 0.01020,0.86622,0.50738
03/10/20 14:40:44.103016 0.23892,-0.72913,-0.22752,-0.59961 0.02442,0.87747,0.50891
03/10/20 14:40:44.112438 0.23870,-0.72864,-0.22744,-0.60032 0.02530,0.86199,0.52184
03/10/20 14:40:44.122345 0.23846,-0.72854,-0.22760,-0.60047 0.02861,0.83850,0.51982
03/10/20 14:40:44.131760 0.23828,-0.72861,-0.22771,-0.60042 0.00561,0.84446,0.51597
03/10/20 14:40:44.141182 0.23804,-0.72878,-0.22767,-0.60032 0.00357,0.84976,0.49773
03/10/20 14:40:44.150600 0.23778,-0.72895,-0.22765,-0.60022 0.00068,0.84189,0.51012
03/10/20 14:40:44.159775 0.23763,-0.72898,-0.22737,-0.60035 -0.01047,0.88242,0.49457
03/10/20 14:40:44.169189 0.23739,-0.72885,-0.22688,-0.60079 -0.01081,0.88992,0.49894
03/10/20 14:40:44.179089 0.23720,-0.72856,-0.22636,-0.60142 0.01017,0.91489,0.50055
03/10/20 14:40:44.188499 0.23717,-0.72821,-0.22574,-0.60209 0.00351,0.89855,0.50787
03/10/20 14:40:44.197922 0.23713,-0.72794,-0.22532,-0.60258 -0.00034,0.89789,0.49339
03/10/20 14:40:44.207340 0.23715,-0.72792,-0.22551,-0.60253 0.00587,0.88165,0.49669
03/10/20 14:40:44.216751 0.23719,-0.72784,-0.22556,-0.60259 0.00017,0.88069,0.49551
03/10/20 14:40:44.225922 0.23714,-0.72794,-0.22587,-0.60236 0.00180,0.88024,0.49353
03/10/20 14:40:44.235821 0.23704,-0.72811,-0.22629,-0.60204 0.00204,0.87455,0.49604
03/10/20 14:40:44.245235 0.23698,-0.72830,-0.22659,-0.60173 -0.02021,0.85211,0.50180
03/10/20 14:40:44.254639 0.23674,-0.72852,-0.22690,-0.60143 -0.02595,0.86303,0.49534
03/10/20 14:40:44.264046 0.23642,-0.72867,-0.22713,-0.60130 -0.03010,0.86872,0.49285
03/10/20 14:40:44.273449 0.23610,-0.72873,-0.22732,-0.60128 -0.03278,0.86171,0.48801
03/10/20 14:40:44.282860 0.23576,-0.72874,-0.22737,-0.60138 -0.04376,0.85542,0.48396
03/10/20 14:40:44.292740 0.23548,-0.72866,-0.22721,-0.60164 -0.04486,0.85399,0.49357
03/10/20 14:40:44.301907 0.23531,-0.72852,-0.22691,-0.60199 -0.05038,0.88100,0.48008
03/10/20 14:40:44.311306 0.23508,-0.72836,-0.22664,-0.60238 -0.04809,0.88132,0.47662
03/10/20 14:40:44.320721 0.23483,-0.72812,-0.22643,-0.60285 -0.04291,0.86212,0.49152
03/10/20 14:40:44.330132 0.23474,-0.72788,-0.22604,-0.60332 -0.03913,0.89154,0.49123
03/10/20 14:40:44.339550 0.23457,-0.72757,-0.22576,-0.60387 -0.04649,0.88101,0.49039
03/10/20 14:40:44.349438 0.23449,-0.72737,-0.22533,-0.60429 -0.04979,0.91494,0.48543
03/10/20 14:40:44.358860 0.23450,-0.72723,-0.22480,-0.60466 -0.06826,0.90084,0.49084
03/10/20 14:40:44.368271 0.23443,-0.72701,-0.22453,-0.60505 -0.06088,0.88964,0.48769
03/10/20 14:40:44.377445 0.23428,-0.72669,-0.22451,-0.60550 -0.05166,0.88330,0.49778
03/10/20 14:40:44.386856 0.23407,-0.72623,-0.22444,-0.60616 -0.04532,0.88043,0.49481
03/10/20 14:40:44.396275 0.23394,-0.72575,-0.22421,-0.60687 -0.03871,0.88701,0.49668
03/10/20 14:40:44.406170 0.23395,-0.72523,-0.22370,-0.60767 -0.05841,0.85376,0.49218
03/10/20 14:40:44.415596 0.23394,-0.72452,-0.22316,-0.60872 -0.03311,0.85873,0.49001
03/10/20 14:40:44.425015 0.23408,-0.72381,-0.22230,-0.60983 -0.05703,0.88028,0.49021
03/10/20 14:40:44.434444 0.23427,-0.72339,-0.22122,-0.61064 -0.06717,0.88663,0.47964
03/10/20 14:40:44.443867 0.23449,-0.72318,-0.22025,-0.61116 -0.06396,0.90275,0.48218
03/10/20 14:40:44.453056 0.23477,-0.72277,-0.21945,-0.61182 -0.06765,0.89251,0.47959
03/10/20 14:40:44.462955 0.23506,-0.72167,-0.21869,-0.61328 -0.06675,0.88817,0.46560
03/10/20 14:40:44.472385 0.23558,-0.72065,-0.21807,-0.61450 -0.07559,0.89600,0.46559
03/10/20 14:40:44.481812 0.23626,-0.71978,-0.21747,-0.61547 -0.08889,0.89533,0.46248
03/10/20 14:40:44.491241 0.23692,-0.71843,-0.21672,-0.61706 -0.07770,0.88070,0.47041
03/10/20 14:40:44.500664 0.23782,-0.71692,-0.21606,-0.61869 -0.06989,0.87016,0.47095
03/10/20 14:40:44.510101 0.23878,-0.71542,-0.21532,-0.62032 -0.02882,0.86593,0.48598
03/10/20 14:40:44.520012 0.24002,-0.71389,-0.21438,-0.62192 -0.05629,0.83606,0.50611
03/10/20 14:40:44.529202 0.24125,-0.71260,-0.21346,-0.62324 -0.04929,0.85561,0.48645
03/10/20 14:40:44.538631 0.24229,-0.71153,-0.21260,-0.62436 -0.07769,0.86979,0.47592
03/10/20 14:40:44.548084 0.24333,-0.71054,-0.21186,-0.62533 -0.07684,0.86069,0.47748
