# Data format: "%int(ChipTimeUS) %float(CorrectedAccelX),%float(CorrectedAccelY),%float(CorrectedAccelZ)"
1077403 -0.07228,1.05681,0.08769
1257166 0.00191,0.95789,0.19612
1261985 -0.00733,0.96462,0.19070
1266553 -0.02362,0.96985,0.17575
1271368 -0.04428,0.96951,0.16826
1275937 -0.05587,0.96165,0.15758
1280505 -0.06757,0.89195,0.16148
1285325 0.04917,1.38309,0.09899
1289893 -0.07275,0.98559,0.14935
1294712 -0.08846,0.94969,0.16552
1299281 -0.06723,0.89494,0.15923
1304099 -0.05947,0.92811,0.15593
1311250 -0.07789,0.96557,0.16801
1316064 -0.08176,0.96439,0.17691
1320631 -0.08078,0.95195,0.18538
1325450 -0.07861,0.94431,0.18716
1330018 -0.05789,0.94931,0.17246
1334582 -0.05292,0.97273,0.16632
1339398 -0.05616,0.96804,0.16785
1343965 -0.05191,0.97079,0.16559
1348785 -0.04686,0.94925,0.17535
1353355 -0.03470,0.94440,0.17334
1358174 -0.02112,0.94393,0.17277
1362743 -0.01583,0.97083,0.16462
1367310 -0.01569,0.97823,0.16259
1372123 -0.01338,0.98339,0.16203
1376687 -0.01274,0.98966,0.16689
1381499 -0.01196,0.98747,0.16592
1386543 -0.03116,0.98528,0.16483
1391357 -0.03824,1.00037,0.15810
1395927 -0.05678,1.03067,0.15056
1400500 -0.06767,1.04347,0.14757
1405325 -0.07597,1.01183,0.15971
1409899 -0.06261,1.00025,0.16293
1414722 -0.05483,0.99580,0.16489
1419290 -0.05406,0.99924,0.16461
1424104 -0.05454,0.99436,0.16343
1428671 -0.05403,0.98252,0.16673
1433238 -0.04857,0.98375,0.16668
1438053 -0.04772,0.98014,0.16376
1442618 -0.05161,0.97456,0.16137
1447434 -0.04467,0.97870,0.16252
1452000 -0.02917,0.98154,0.16781
1457290 -0.02292,0.98547,0.17856
1461852 -0.00034,0.98382,0.18753
1466664 0.01227,0.97376,0.18804
1471225 0.02066,0.97150,0.17988
1475788 0.02124,0.97962,0.16726
1480599 -0.00055,0.97357,0.16302
1485167 -0.00555,0.98843,0.15603
1489977 -0.01725,0.98798,0.15365
1494543 -0.02749,0.98043,0.15132
1499355 -0.03451,0.98338,0.15085
1503924 -0.04102,0.98002,0.14748
1508487 -0.04300,0.98326,0.14500
1513305 -0.04552,0.96734,0.14417
1517868 -0.04126,0.95343,0.15264
1522685 -0.02558,0.94169,0.15215
1527726 -0.01709,0.95783,0.15392
1532540 -0.01726,0.97269,0.14690
1537103 -0.01607,0.96634,0.14596
1541668 -0.01523,0.97375,0.14368
1546480 -0.01374,0.98700,0.14281
1551047 -0.01892,0.97910,0.14538
1555860 -0.01229,0.98004,0.14729
1560423 0.00030,0.97550,0.15365
1565233 0.00783,0.98760,0.14956
1569799 0.01308,0.97736,0.15847
1574367 0.02425,0.98465,0.16154
1579185 0.08484,1.00768,0.16365
1583749 0.00830,0.98116,0.17471
1588563 0.00883,0.95417,0.14296
1593128 0.02501,0.98330,0.15638
1598423 0.02455,0.99318,0.17499
1602983 0.02191,0.96348,0.18782
1607549 0.02809,0.94294,0.18600
1612363 0.03522,0.95912,0.17474
1616928 0.02763,0.95941,0.17281
1621734 0.02307,0.95830,0.17827
1626299 0.02010,0.95784,0.17706
1631113 0.02090,0.95535,0.17880
1635679 0.01989,0.95726,0.18100
1640491 0.01827,0.95788,0.17485
1645059 0.01336,0.94903,0.17595
1649626 0.01314,0.94879,0.17595
1654446 0.00522,0.95119,0.17795
1659011 0.00183,0.96059,0.17395
1663825 -0.01260,0.97057,0.16534
1668876 -0.02976,0.98480,0.16434
1673690 -0.03525,0.99487,0.16330
1678261 -0.03732,0.98399,0.16735
1682829 -0.03557,0.98044,0.17303
1687648 -0.02830,0.98779,0.17341
1692213 -0.03291,1.00400,0.17132
1697036 -0.03779,1.01061,0.17178
1701604 -0.03662,1.00455,0.17995
1706424 -0.03557,1.00162,0.17923
1710991 -0.03714,1.00063,0.17950
1715557 -0.03978,1.00297,0.18441
1720370 -0.03771,1.00848,0.17943
1724941 -0.03889,1.02508,0.18224
1729755 -0.03916,1.02609,0.18100
1734324 -0.04111,1.03388,0.18316
1739138 -0.03253,1.02673,0.18538
1744187 -0.02474,1.00568,0.19536
1748756 -0.02028,0.99801,0.19885
1753573 -0.02203,0.99609,0.19691
1758138 -0.01601,0.98982,0.19250
1762957 -0.02223,0.98998,0.19647
1767522 -0.02644,0.98113,0.19756
1772337 -0.03439,0.97892,0.19714
1776903 -0.04170,0.97254,0.19725
1781473 -0.05054,0.97503,0.19531
1786283 -0.05708,0.97743,0.19730
1790849 -0.06069,0.95997,0.20019
1795660 -0.06114,0.95429,0.20221
1800227 -0.04988,0.95432,0.20115
1805043 -0.04143,0.96054,0.20818
1809614 -0.03085,0.96561,0.21200
1814905 -0.02246,0.95734,0.22063
1819471 -0.01082,0.94306,0.22389
1824036 0.00260,0.93019,0.22982
1828851 0.01873,0.92888,0.23416
1833419 0.03077,0.93197,0.23898
1838232 0.03047,0.93878,0.24138
1842801 0.02801,0.94273,0.23988
1847619 0.02896,0.95291,0.23388
1852187 0.02349,0.95167,0.23442
1856752 0.01938,0.95670,0.22849
1861567 0.01352,0.96452,0.22944
1866136 0.01194,0.96374,0.23143
1870952 0.01149,0.94739,0.23896
1875517 0.00782,0.95259,0.23672
1880332 0.00682,0.95463,0.23302
1885380 0.00170,0.95612,0.23206
1889946 -0.00044,0.96335,0.22659
1894762 -0.00077,0.96042,0.22588
1899327 -0.01087,0.96022,0.22349
1904136 -0.01284,0.96864,0.21973
1908700 -0.01662,0.97661,0.21378
1913514 -0.01629,0.97948,0.21671
1918078 -0.00883,0.96618,0.21998
1922641 0.00023,0.96392,0.22265
1927456 0.00626,0.95714,0.23054
1932022 0.01475,0.96301,0.22010
1936836 0.01258,0.96568,0.21025
1941407 0.01014,0.96921,0.20556
1946230 0.01211,0.97685,0.20351
1950801 0.00888,0.98790,0.20245
1956097 0.00136,0.98646,0.20078
1960668 0.00181,0.99218,0.19704
1965238 0.00242,1.00479,0.19225
1970059 0.00393,1.00151,0.19670
1974624 0.00836,1.01101,0.18822
1979444 0.00890,1.03047,0.18361
1984011 0.01953,1.03467,0.18252
1988831 0.02482,1.02381,0.18628
1993392 0.02832,1.04354,0.19173
1997957 0.01585,1.02374,0.18929
2002776 -0.00229,1.02356,0.18571
2007341 -0.01499,1.03060,0.17712
2012152 -0.02148,1.02630,0.18310
2016723 -0.03307,1.01798,0.18227
2021537 -0.04130,1.01706,0.17913
2026107 -0.03927,1.01796,0.18280
2031157 -0.03962,1.01018,0.17992
2035980 -0.02779,1.00737,0.18553
2040549 -0.00864,1.00010,0.19334
2045367 0.00829,1.00139,0.20208
2049931 0.02880,1.00519,0.20831
2054743 0.05181,1.00969,0.21600
2059311 0.07557,1.02341,0.21671
2063876 0.10137,1.03217,0.23172
2068694 0.05784,1.04474,0.23804
2073267 0.05186,1.01393,0.21252
2078088 0.07194,1.05445,0.20957
2082653 0.05332,1.07555,0.21909
2087469 0.04174,1.06651,0.22835
2092037 0.03992,1.06095,0.22496
2096607 0.03929,1.05985,0.21932
2101905 0.03666,1.06240,0.21464
2106474 0.03107,1.05924,0.20216
2111287 0.02336,1.07320,0.19150
2115849 0.01576,1.07928,0.18214
2120661 0.00344,1.09340,0.17521
2125226 -0.00773,1.11855,0.15684
2130045 -0.00793,1.13382,0.15326
2134609 -0.00771,1.16093,0.14662
2139179 -0.00325,1.18015,0.14224
2143996 0.00849,1.18508,0.14113
2148566 0.01325,1.18665,0.13691
2153385 0.02547,1.19113,0.13433
2157948 0.02943,1.18987,0.13579
2162764 0.02377,1.18798,0.13240
2167330 0.02318,1.18037,0.13296
2172372 0.02235,1.16794,0.12964
2177179 0.01203,1.14619,0.12670
2181742 0.01778,1.12491,0.12489
2186553 0.01334,1.10557,0.12386
2191119 0.00072,1.08935,0.11424
2195929 -0.00600,1.08048,0.10526
2200498 -0.02682,1.06244,0.10039
2205068 -0.03950,1.04253,0.09130
2209889 -0.05053,1.01063,0.09264
2214465 -0.06339,0.99993,0.08888
2219287 -0.07649,0.97897,0.08300
2223859 -0.09011,0.97001,0.07751
2228684 -0.09653,0.95358,0.07770
2233260 -0.09972,0.95324,0.07084
2237837 -0.09703,0.96004,0.07371
2242662 -0.09557,0.96347,0.07416
2247721 -0.08669,0.95999,0.07660
2252545 -0.08668,0.94883,0.08236
2257124 -0.08594,0.93148,0.09112
2261945 -0.08077,0.92277,0.10839
2266521 -0.07492,0.90977,0.10896
2271345 -0.07511,0.90315,0.12034
2275919 -0.07215,0.89801,0.13119
2280493 -0.06987,0.89299,0.13663
2285315 -0.06667,0.89347,0.13710
2289887 -0.06791,0.89542,0.13758
2294706 -0.07182,0.90084,0.13608
2299280 -0.08308,0.90627,0.13414
2304103 -0.08771,0.91247,0.13067
2308678 -0.08430,0.91300,0.13999
2313252 -0.08083,0.90153,0.14893
2318553 -0.07210,0.89610,0.15089
2323128 -0.06965,0.88724,0.15292
2327952 -0.06572,0.88130,0.15541
2332526 -0.06478,0.88079,0.15639
2337344 -0.06350,0.88287,0.16227
2341916 -0.05890,0.89885,0.15988
2346487 -0.06781,0.91901,0.15705
2351309 -0.07662,0.93169,0.14863
2355884 -0.08650,0.94779,0.14043
2360708 -0.09636,0.95284,0.13331
2365286 -0.10051,0.95361,0.12054
2370116 -0.10468,0.95465,0.11809
2374697 -0.10784,0.95847,0.12226
2379281 -0.11621,0.96625,0.11413
2384110 -0.12989,0.97474,0.10626
2389172 -0.13500,0.97602,0.10382
2393999 -0.14100,0.97651,0.10361
2398579 -0.14285,0.97707,0.10042
2403406 -0.13615,0.97067,0.10191
2407983 -0.13977,0.96951,0.09899
2412811 -0.14199,0.96776,0.10025
2417389 -0.13995,0.96313,0.09905
2421966 -0.13739,0.96234,0.10175
2426794 -0.12710,0.94221,0.10359
2431372 -0.11831,0.93012,0.10757
2436197 -0.11411,0.91815,0.10593
2440776 -0.10936,0.91447,0.10594
2445602 -0.10566,0.90857,0.10695
2450175 -0.08353,0.88574,0.10923
2454742 -0.08057,0.86504,0.11432
2460037 -0.07859,0.86159,0.11532
2464603 -0.07839,0.86783,0.11034
2469424 -0.08892,0.88275,0.11126
2474002 -0.09554,0.89270,0.10457
2478825 -0.10027,0.89564,0.10433
2483399 -0.10334,0.89755,0.10679
2487975 -0.10770,0.88674,0.10790
2492802 -0.11337,0.89012,0.10987
2497379 -0.11679,0.91622,0.10425
2502205 -0.11801,0.92836,0.10956
2506780 -0.11406,0.92740,0.10856
2511605 -0.10312,0.91334,0.11304
2516178 -0.09839,0.91535,0.12210
2520753 -0.09716,0.91333,0.12457
2525573 -0.09777,0.91673,0.12626
2530625 -0.08955,0.91248,0.13019
2535443 -0.08486,0.91015,0.13608
2540010 -0.07783,0.89644,0.13567
2544827 -0.07132,0.88921,0.14135
2549396 -0.06587,0.88520,0.14554
2554214 -0.06163,0.88273,0.14627
2558781 -0.06233,0.88831,0.14893
2563350 -0.04974,0.88926,0.15081
2568167 -0.05321,0.88973,0.15132
2572732 -0.04837,0.88955,0.14883
2577548 -0.04231,0.89262,0.15418
2582114 -0.03792,0.89746,0.15706
2586929 -0.04160,0.90793,0.15994
2591494 -0.03656,0.91347,0.16478
2596059 -0.03405,0.91942,0.16176
2601353 -0.03053,0.92827,0.16042
2605918 -0.03311,0.94000,0.16206
2610734 -0.02014,0.95813,0.18469
2615304 -0.03781,0.93144,0.17200
2620121 -0.03910,0.93521,0.15672
2624689 -0.03003,0.95909,0.16334
2629259 -0.03038,0.97763,0.16711
2634080 -0.03352,0.98593,0.17961
2638651 -0.03836,0.99153,0.18106
2643474 -0.04122,0.99389,0.18524
2648047 -0.03671,0.99577,0.18913
2652865 -0.02222,0.98970,0.19795
2657438 -0.00865,0.99448,0.20397
2662015 0.00055,1.00501,0.20431
2666838 0.00234,0.99531,0.21103
2671881 0.00113,1.00191,0.21147
2676698 0.00402,0.99892,0.21394
2681267 0.00927,0.99417,0.21838
2686081 0.00653,0.99367,0.21889
2690640 0.00834,0.98404,0.21110
2695451 -0.00026,0.98618,0.21359
2700021 -0.00539,0.99327,0.21405
2704584 -0.00871,1.00632,0.21149
2709399 -0.00290,1.00488,0.20999
2713967 -0.00071,1.00738,0.20799
2718783 0.00356,1.02065,0.19554
2723345 0.00141,1.03864,0.19097
2728161 -0.00223,1.05888,0.19523
2732730 -0.00233,1.07195,0.19167
2737297 0.00114,1.08788,0.18093
2742594 -0.00286,1.09572,0.16981
2747164 -0.00229,1.10377,0.17170
2751985 -0.00282,1.10506,0.17957
2756557 0.00177,1.09943,0.19042
2761375 0.00134,1.09316,0.19687
2765942 0.00909,1.06260,0.20497
2770514 0.01852,1.04647,0.20309
2775329 0.01618,1.04810,0.18488
2779897 0.01399,1.05715,0.16341
2784710 0.00533,1.05598,0.14945
2789278 0.00221,1.06420,0.15432
2794094 -0.00178,1.07623,0.16457
2798665 -0.00465,1.08393,0.17091
2803234 -0.00492,1.08996,0.17529
2808050 -0.00595,1.09278,0.16986
2812618 -0.00714,1.09385,0.16543
2817914 -0.00233,1.09458,0.15506
2822483 -0.00326,1.10066,0.14566
2827301 0.00069,1.11034,0.14038
2831871 -0.00455,1.12576,0.13019
2836435 -0.00658,1.13537,0.12790
2841252 -0.01273,1.14491,0.12859
2845815 -0.02466,1.16599,0.11667
2850624 -0.03316,1.17700,0.10629
2855184 -0.04214,1.17757,0.10265
2859995 -0.03845,1.16661,0.09953
2864552 -0.03521,1.15564,0.09690
2869359 -0.02908,1.13602,0.09777
2873914 -0.02344,1.11749,0.09348
2878474 -0.01697,1.10088,0.09113
2883281 -0.01212,1.08455,0.08730
2888323 -0.00628,1.05045,0.08905
2893165 -0.00760,1.03837,0.09212
2897729 -0.00103,1.00839,0.09579
2902543 -0.00042,0.98849,0.10925
2907105 0.00850,0.97334,0.11868
2911658 0.02471,0.94887,0.12840
2916469 0.04621,0.91900,0.13861
2921032 0.06495,0.92155,0.13454
2925845 0.07959,0.92302,0.13517
2930405 0.09201,0.92270,0.13903
2935215 0.09182,0.91673,0.13195
2939775 0.08429,0.90514,0.12398
2944335 0.07267,0.91403,0.10946
2949135 0.06089,0.92065,0.10898
2953690 0.03806,0.92280,0.09976
2958975 0.01462,0.92284,0.09696
2963533 -0.00396,0.92251,0.08920
2968335 -0.02478,0.93629,0.08626
2972890 -0.03929,0.94797,0.07837
2977442 -0.05491,0.95851,0.07789
2982251 -0.06145,0.96100,0.07594
2986804 -0.06433,0.96376,0.07298
2991612 -0.06605,0.96109,0.07154
2996169 -0.06799,0.94722,0.07807
3000977 -0.06567,0.94115,0.08672
3005579 -0.06673,0.93925,0.08404
3010138 -0.06075,0.92843,0.08582
3014946 -0.06121,0.92304,0.08563
3019509 -0.05962,0.90748,0.09117
3024318 -0.05618,0.89682,0.09665
3029358 -0.05468,0.89383,0.09913
3034163 -0.05245,0.89553,0.09959
3038722 -0.05293,0.89574,0.10132
3043523 -0.04838,0.88614,0.10334
3048083 -0.04121,0.86912,0.10837
3052639 -0.03161,0.85935,0.11849
3057450 -0.02958,0.84405,0.12329
3062005 -0.02694,0.84674,0.12374
3066814 -0.01806,0.84824,0.13375
3071369 -0.00632,0.84767,0.13762
3076179 0.00153,0.85216,0.13409
3080734 0.01292,0.85973,0.13591
3085298 0.01318,0.87522,0.13381
3090106 0.01717,0.88366,0.14010
3094666 0.02068,0.89266,0.14295
3099951 0.01741,0.89401,0.13755
3104508 0.02100,0.90128,0.14115
3109313 0.02104,0.90569,0.14135
3113868 0.01634,0.91316,0.14673
3118423 0.01051,0.92563,0.14813
3123229 0.00158,0.94091,0.14411
3127786 0.00403,0.93205,0.14565
3132593 0.00948,0.92829,0.14959
3137142 0.01116,0.92100,0.15801
3141941 0.01377,0.91354,0.16273
3146493 0.01489,0.91947,0.16095
3151043 0.01423,0.91907,0.15653
3155843 0.01221,0.92316,0.15995
3160395 0.01532,0.91504,0.16173
3165196 0.02264,0.89980,0.16379
3169747 0.02900,0.88521,0.17003
3175028 0.03901,0.87677,0.17496
3179580 0.04198,0.88732,0.18592
3184129 0.04518,0.88777,0.18762
3188932 0.04826,0.89640,0.18555
3193482 0.04642,0.90180,0.18478
3198283 0.04257,0.90022,0.18998
3202833 0.04116,0.91145,0.19186
3207633 0.03930,0.90683,0.18994
3212181 0.04004,0.90553,0.19339
3216735 0.04259,0.89963,0.19442
3221535 0.04004,0.90013,0.19393
3226083 0.03148,0.89077,0.19555
3230875 0.02303,0.90003,0.19798
3235425 0.01659,0.91082,0.19743
3240225 -0.00154,0.92093,0.19401
3245254 -0.01276,0.93595,0.19050
3250054 -0.02569,0.94280,0.19052
3254610 -0.02840,0.95744,0.19336
3259165 -0.03615,0.96680,0.19136
3263968 -0.03537,0.97511,0.19226
3268522 -0.02813,0.97272,0.18978
3273324 -0.02781,0.97550,0.19713
3277878 -0.01826,0.97260,0.19562
3282680 -0.01160,0.97248,0.20099
3287239 0.00139,0.98017,0.20822
3291798 0.01093,0.98793,0.21252
3296598 0.01921,0.98769,0.21247
3301155 0.02331,0.99378,0.21436
3305957 0.02851,1.00617,0.21913
3310510 0.03036,1.01675,0.21755
3315314 0.02695,1.03163,0.22039
3320351 0.02221,1.04026,0.21788
3324905 0.01592,1.04255,0.21396
3329714 0.01043,1.04185,0.21253
3334270 0.00308,1.04182,0.21356
3339081 0.00644,1.03869,0.21111
3343642 0.00646,1.04333,0.21156
3348448 0.00377,1.04236,0.20027
3353005 -0.00381,1.05310,0.19087
3357565 -0.00506,1.05020,0.18893
3362376 -0.00552,1.06618,0.18682
3366930 -0.00852,1.08271,0.18177
3371736 -0.01368,1.09618,0.17086
3376292 -0.01051,1.10259,0.16931
3381096 -0.01231,1.10158,0.17031
3385654 -0.00936,1.09701,0.17771
3390689 -0.01717,1.08613,0.18204
3395492 -0.01518,1.07691,0.18876
3400048 0.00899,1.04945,0.18984
3404852 0.01931,1.04441,0.19670
3409408 0.03305,1.02440,0.19286
3414212 0.04252,1.01874,0.17219
3418764 0.03796,1.01861,0.15598
3423317 0.03813,1.03075,0.14996
3428118 0.02865,1.04810,0.15183
3432671 0.02309,1.06497,0.15369
3437469 0.01642,1.08633,0.15157
3442025 0.00816,1.09661,0.15202
3446825 0.00487,1.08778,0.15212
3451376 -0.00060,1.07583,0.16063
3455928 0.00120,1.06597,0.16292
3461210 0.00319,1.07331,0.15275
3465766 -0.00396,1.08517,0.13695
3470570 -0.01214,1.09433,0.12142
3475127 -0.02239,1.10317,0.10935
3479928 -0.03187,1.10488,0.09832
3484484 -0.03568,1.11373,0.08596
3489285 -0.04260,1.10955,0.07497
3493843 -0.04288,1.10587,0.06418
3498399 -0.04935,1.10166,0.05491
3503209 -0.05547,1.09469,0.04862
3507764 -0.06427,1.08573,0.04359
3512576 -0.07441,1.08654,0.03946
3517135 -0.08086,1.07124,0.03324
3521952 -0.08480,1.06151,0.02991
3526519 -0.08632,1.05419,0.02802
3531565 -0.08525,1.04553,0.02071
3536371 -0.08530,1.04680,0.01897
3540933 -0.08631,1.05448,0.01522
3545737 -0.06743,1.07478,0.01738
3550293 -0.04877,1.08374,0.03391
3555095 -0.05610,1.08386,0.01747
3559653 -0.03389,1.08044,0.01736
3564204 -0.02297,1.09818,0.03558
3569007 0.00066,1.07172,0.05831
3573559 0.02010,1.03611,0.07327
3578362 0.02107,1.01347,0.07740
3582918 0.02453,1.00811,0.07595
3587718 0.00801,0.99683,0.07566
3592266 -0.00926,0.99802,0.06592
3596823 -0.02916,0.96954,0.05646
3601627 -0.04127,0.98429,0.04312
3606665 -0.06749,0.97956,0.04530
3611468 -0.07861,0.96010,0.04948
3616027 -0.08372,0.95082,0.04812
3620836 -0.08712,0.93898,0.05120
3625397 -0.09595,0.93070,0.04838
3629954 -0.10113,0.92831,0.04548
3634763 -0.10016,0.92744,0.04081
3639325 -0.10533,0.92983,0.04328
3644138 -0.10562,0.93671,0.04273
3648701 -0.10404,0.93747,0.04124
3653515 -0.09740,0.93265,0.03804
3658077 -0.08941,0.94472,0.03542
3662638 -0.08614,0.95955,0.02985
3667450 -0.07906,0.97144,0.02453
3672015 -0.08372,0.98885,0.02391
3677306 -0.08382,0.99639,0.02655
3681868 -0.08361,1.00225,0.02748
3686685 -0.08162,1.00932,0.02938
3691254 -0.08282,0.99426,0.03395
3696066 -0.07951,0.99202,0.03591
3700625 -0.07287,0.99236,0.04276
3705189 -0.06140,0.97677,0.04971
3709999 -0.04822,0.95842,0.06013
3714559 -0.04030,0.95085,0.05892
3719366 -0.03639,0.95589,0.06377
3723922 -0.03322,0.93539,0.07107
3728729 -0.03031,0.93706,0.07349
3733284 -0.02764,0.93901,0.07395
3737840 -0.02352,0.92857,0.08066
3742644 -0.01704,0.92752,0.08407
3747680 -0.01510,0.92487,0.09319
3752482 -0.00603,0.91697,0.09566
3757036 -0.01709,0.91748,0.09474
3761837 -0.02094,0.89480,0.10063
3766392 -0.02220,0.88663,0.10440
3770949 -0.02400,0.88051,0.10398
3775755 -0.03117,0.88141,0.10721
3780312 -0.03215,0.88289,0.10696
3785114 -0.03580,0.88225,0.10232
3789669 -0.04406,0.88741,0.10134
3794473 -0.05105,0.88417,0.10362
3799028 -0.05487,0.88764,0.10165
3803585 -0.06734,0.89425,0.10192
3808390 -0.06987,0.89970,0.09918
3812943 -0.07325,0.89824,0.09872
3818230 -0.06829,0.90553,0.10157
3822781 -0.06846,0.91483,0.10223
3827582 -0.07165,0.92503,0.09502
3832132 -0.07107,0.92229,0.09701
3836685 -0.06422,0.92838,0.09888
3841486 -0.05771,0.93754,0.09531
3846036 -0.04159,0.93094,0.10585
3850836 -0.02810,0.93768,0.11185
3855385 -0.02486,0.95330,0.10382
3860185 -0.03340,0.97580,0.09482
3864738 -0.04583,0.98186,0.08598
3869294 -0.05542,0.98587,0.08207
3874095 -0.06411,0.96933,0.07588
3878646 -0.06458,0.94282,0.07760
3883448 -0.06012,0.94600,0.07828
3888480 -0.06017,0.93638,0.08107
3893284 -0.08074,0.97575,0.09561
3897841 -0.09262,0.98484,0.09413
3902645 -0.08663,0.96875,0.09030
3907201 -0.07517,0.95866,0.09277
3911758 -0.07428,0.94850,0.09778
3916562 -0.06587,0.95024,0.10804
3921114 -0.05654,0.95787,0.10693
3925918 -0.05191,0.95681,0.11036
3930471 -0.03692,0.96602,0.11559
3935274 -0.02246,0.95559,0.12224
3939825 -0.01356,0.95690,0.12980
3944381 -0.01342,0.96416,0.13416
3949185 -0.00716,0.96258,0.13930
3953742 0.00041,0.95221,0.14254
3959029 0.00110,0.96807,0.14584
3963579 0.00206,0.97769,0.14304
3968383 0.00189,0.98156,0.14571
3972937 0.00154,0.98961,0.14712
3977494 -0.01170,0.99817,0.14762
3982301 -0.00156,0.99232,0.14662
3986856 -0.01079,1.01990,0.14028
3991656 -0.01452,1.01611,0.13419
3996211 -0.01175,1.03186,0.13157
4001013 -0.01002,1.03971,0.13100
4005569 -0.00173,1.03923,0.13095
4010123 -0.00860,1.07079,0.12210
4014928 -0.01075,1.07814,0.12204
4019477 -0.00564,1.08738,0.12587
4024280 -0.01100,1.08369,0.12618
4029318 -0.00061,1.07179,0.13262
4034125 0.00676,1.06581,0.13730
4038683 0.00999,1.07047,0.14806
4043240 0.01055,1.06784,0.15620
4048047 0.02585,1.06466,0.15662
4052605 0.03517,1.07266,0.14960
4057404 0.04086,1.07981,0.13671
4061959 0.04621,1.08929,0.12970
4066762 0.04524,1.10116,0.12468
4071313 0.04068,1.10556,0.12492
4075863 0.03413,1.11321,0.13375
4080669 0.03824,1.11348,0.14380
4085223 0.04239,1.10767,0.15170
4090025 0.04620,1.10440,0.15564
4094573 0.05266,1.09300,0.16161
4099371 0.06835,1.07525,0.16659
4104405 0.07800,1.05408,0.17115
4109206 0.08375,1.04345,0.16432
4113755 0.07897,1.04295,0.15353
4118308 0.07336,1.05072,0.14562
4123108 0.05308,1.05241,0.13491
4127658 0.03837,1.05786,0.13200
4132456 0.03420,1.09548,0.13759
4137007 0.02868,1.07502,0.12059
4141805 0.01564,1.08486,0.10730
4146354 0.00767,1.09917,0.10255
4150899 -0.01066,1.11393,0.09958
4155697 -0.01327,1.11592,0.09810
4160250 -0.03325,1.11087,0.08228
4165051 -0.00760,1.12803,0.10484
4169600 -0.00943,1.12284,0.09580
4174878 -0.00809,1.10791,0.09494
4179428 -0.02151,1.11572,0.08512
4183978 -0.02778,1.11734,0.07801
4188776 -0.02297,1.11785,0.07723
4193326 -0.03012,1.10281,0.06979
4198124 0.00054,1.09445,0.09452
4202674 0.01486,1.09270,0.09641
4207475 0.02369,1.05866,0.09518
4212027 0.02431,1.04953,0.09821
4216577 0.02349,1.04713,0.09578
4221381 0.02629,1.04098,0.09680
4225936 0.02520,1.01857,0.09061
4230737 0.02003,0.99451,0.09234
4235284 0.01295,0.96662,0.10125
4240083 0.01270,0.96230,0.08579
4245117 0.01677,0.94313,0.07708
4249671 0.00272,0.93308,0.07676
4254472 -0.00169,0.92854,0.08274
4259023 -0.01144,0.92024,0.08066
4263827 0.00584,0.92911,0.10163
4268382 0.01618,0.92399,0.10038
4273184 0.02959,0.91155,0.09844
4277736 0.02924,0.91423,0.09891
4282282 0.02718,0.91932,0.10134
4287081 0.02452,0.91669,0.10925
4291634 0.01942,0.91766,0.10977
4296429 -0.12586,0.80117,0.26378
4300975 -0.00063,0.85993,0.12616
4305781 0.04604,0.97331,0.06555
4310330 0.03456,0.97396,0.04692
4314881 0.00273,0.95535,0.04507
4320165 -0.02614,0.93684,0.06117
4324719 -0.04815,0.93000,0.07072
4329523 -0.05773,0.92779,0.08138
4334082 -0.03915,0.93385,0.08539
4338888 -0.02581,0.93874,0.08624
4343446 -0.02010,0.93434,0.08600
4348002 -0.01305,0.93096,0.08353
4352807 -0.01708,0.91772,0.08392
4357361 -0.01674,0.90969,0.09235
4362166 -0.02020,0.91488,0.10118
4366719 -0.01464,0.94037,0.10141
4371526 0.00135,0.94261,0.10031
4376084 0.01249,0.95612,0.09913
4380638 0.01591,0.94095,0.09826
4385438 0.01874,0.92840,0.10057
4390469 0.01598,0.94949,0.11098
4395275 0.01573,0.93316,0.12909
4399833 0.02159,0.92597,0.11066
4404638 0.00973,0.94556,0.09998
4409193 -0.00497,0.95619,0.09580
4414003 -0.01810,0.97249,0.10090
4418559 -0.01521,0.97999,0.10524
4423115 -0.00101,0.97538,0.11479
4427918 -0.00762,0.97371,0.12346
4432473 -0.01038,0.96853,0.12500
4437272 -0.00437,0.96235,0.12747
4441825 -0.01015,0.96854,0.12426
4446625 -0.01437,0.96518,0.12087
4451180 -0.01125,0.96225,0.12063
4455733 -0.01893,0.97494,0.12302
4461018 -0.02733,0.98886,0.11385
4465574 -0.02916,0.98858,0.11534
4470379 -0.02484,0.98452,0.11043
4474935 -0.01593,0.98574,0.11135
4479739 -0.01283,0.97240,0.11587
4484295 0.00727,0.95907,0.12103
4488855 0.02215,0.94412,0.13239
4493665 0.02636,0.95277,0.14041
4498226 0.02698,0.97023,0.13754
4503031 0.03239,0.99460,0.12178
4507587 0.03865,0.99882,0.11998
4512395 0.03802,1.00286,0.11429
4516954 0.03397,1.01194,0.10267
4521510 0.02450,1.02393,0.09205
4526317 0.01887,1.03208,0.08906
4530881 0.01511,1.03415,0.08414
4536170 0.01377,1.03901,0.07476
4540729 0.00437,1.03866,0.06842
4545540 -0.00265,1.04155,0.07041
4550101 -0.01301,1.03128,0.06909
4554657 -0.02078,1.01483,0.05896
4559466 -0.01906,1.00710,0.05409
4564020 -0.00964,0.99118,0.05368
4568825 0.00015,0.98240,0.06305
4573378 0.01052,0.96508,0.08184
4578183 0.01815,0.95318,0.08829
4582738 0.01705,0.95225,0.08585
4587301 0.01987,0.97234,0.07532
4592105 0.02168,0.97308,0.07530
4596665 0.01948,0.98688,0.07175
4601472 0.00628,0.98362,0.07481
4606510 0.00301,0.97972,0.07339
4611313 0.01279,0.97689,0.06893
4615870 0.01388,0.96245,0.06806
4620675 0.00989,0.97502,0.06478
4625232 0.00516,0.98877,0.06345
4629783 0.00950,1.00510,0.06771
4634591 -0.00107,1.02100,0.06862
4639150 -0.01885,1.04426,0.06901
4643952 -0.03000,1.04147,0.07304
4648515 -0.03952,1.04366,0.07358
4653321 -0.04608,1.04670,0.06867
4657879 -0.05400,1.05468,0.06225
4662439 -0.07962,1.06297,0.05250
4667250 -0.09825,1.07396,0.05350
4671814 -0.10091,1.06085,0.05905
4677112 -0.09936,1.06233,0.05853
4681676 -0.09553,1.07995,0.06007
4686491 -0.07851,1.07392,0.06715
4691051 -0.06751,1.07967,0.07343
4695613 -0.07523,1.09868,0.07798
4700420 -0.08516,1.09951,0.08444
4704985 -0.08053,1.08288,0.08333
4709785 -0.06712,1.04881,0.09486
4714345 -0.06003,1.02261,0.10514
4719146 -0.06778,0.99436,0.10766
4723699 -0.07544,1.00195,0.09681
4728254 -0.09322,1.00405,0.09002
4733060 -0.11630,1.01712,0.08562
4737614 -0.13817,1.04451,0.08748
4742425 -0.15670,1.02156,0.08288
4747465 -0.15836,1.01787,0.07259
4752274 -0.16661,1.01749,0.06724
4756839 -0.18476,1.04391,0.06908
4761407 -0.19472,1.05117,0.06195
4766222 -0.21015,1.04685,0.05692
4770786 -0.22420,1.04227,0.05311
4775593 -0.23686,1.04258,0.06106
4780155 -0.22506,1.02952,0.07587
4784972 -0.22091,1.03965,0.08313
4789541 -0.22102,1.03670,0.08365
4794353 -0.21616,1.03595,0.08461
4798918 -0.21391,1.05870,0.07529
4803477 -0.22136,1.02349,0.08229
4808285 -0.22556,0.99750,0.10494
4812838 -0.21034,0.99122,0.10146
4818125 -0.18993,0.99219,0.10230
4822680 -0.17982,0.97579,0.11297
4827493 -0.16421,0.95995,0.12039
4832056 -0.14336,0.95589,0.12718
4836621 -0.13196,0.97374,0.12917
4841426 -0.11648,0.98800,0.12795
4845984 -0.11086,1.00709,0.11815
4850787 -0.10235,1.02818,0.11791
4855344 -0.10136,1.04764,0.12462
4860147 -0.10539,1.04528,0.12023
4864707 -0.11112,1.06111,0.11373
4869262 -0.12035,1.06182,0.11428
4874072 -0.12136,1.05354,0.11190
4878629 -0.11843,1.04989,0.09985
4883436 -0.12459,1.04950,0.08415
4888476 -0.12370,1.03987,0.07611
4893286 -0.12407,1.02717,0.07426
4897847 -0.11864,1.00252,0.08085
4902410 -0.12073,0.99764,0.07943
4907224 -0.12714,0.99717,0.07849
4911791 -0.12276,1.00264,0.06414
4916608 -0.12149,1.01607,0.05515
4921178 -0.11685,0.99424,0.04499
4925991 -0.10866,0.98015,0.05097
4930557 -0.09771,0.96024,0.06486
4935114 -0.08972,0.95056,0.07080
4939924 -0.07675,0.96927,0.07817
4944481 -0.06816,0.95147,0.07459
4949293 -0.05057,0.93824,0.06377
4953855 -0.05850,0.93600,0.05400
4959151 -0.06761,0.93939,0.05550
4963713 -0.07223,0.95509,0.07704
4968526 -0.05111,0.94464,0.08463
4973089 -0.05881,0.93697,0.07638
4977657 -0.08621,0.94408,0.06468
4982466 -0.40567,1.05644,0.04995
4987030 -0.20952,0.90398,0.07862
4991839 -0.11543,0.84810,0.09255
4996404 0.02869,0.89646,0.06020
5001213 0.11861,0.94952,0.02397
5005770 0.14392,0.99142,0.02515
5010335 -0.02833,1.01521,0.03046
5015153 -0.13097,1.01778,0.04413
5019718 -0.12927,0.95157,0.05677
5024538 -0.10924,0.92397,0.06452
5029110 -0.10275,0.93285,0.07301
5034413 -0.08541,0.95171,0.07420
5038983 -0.06178,0.94773,0.06622
5043557 -0.06194,0.91960,0.06376
5048377 -0.11146,0.88999,0.07148
5052947 -0.05972,0.85637,0.09704
5057759 -0.03511,0.85036,0.10358
5062324 0.01826,0.87059,0.09937
5067135 0.06816,0.90733,0.09085
5071695 0.08798,0.94398,0.07416
5076255 0.07238,0.98614,0.06256
5081060 0.01864,1.01743,0.05327
5085628 -0.00916,1.02285,0.05143
5090445 -0.02089,1.00681,0.05608
5095012 -0.03002,1.02106,0.06511
5099828 -0.04163,1.05011,0.07009
5104874 -0.05393,1.06910,0.06434
5109694 -0.06031,1.06809,0.05430
5114265 -0.07659,1.05155,0.04815
5118843 -0.09402,1.01358,0.04688
5123660 -0.10374,0.98852,0.04939
5128228 -0.11514,0.96518,0.05164
5133039 -0.13657,0.94535,0.04998
5137605 -0.21799,0.94731,0.03621
5142420 -0.19907,0.94563,0.03512
5146993 -0.16417,0.93038,0.03897
5151559 -0.12348,0.92441,0.04418
5156378 -0.10628,0.92491,0.05539
5160953 -0.10119,0.93978,0.05916
5165775 -0.10239,0.95125,0.07235
5170344 -0.10735,0.95942,0.07969
5175646 -0.10384,0.94661,0.09356
5180219 -0.09803,0.94506,0.09747
5184792 -0.09462,0.95117,0.09838
5189614 -0.09559,0.95234,0.10059
5194192 -0.08965,0.95854,0.09779
5199013 -0.09495,0.98019,0.09369
5203591 -0.10733,1.00075,0.09457
5208418 -0.10640,1.01635,0.09836
5212998 -0.10548,1.01632,0.09983
5217574 -0.11171,1.01141,0.09991
5222402 -0.11561,1.00645,0.09162
5226978 -0.11864,1.00203,0.09168
5231807 -0.13141,0.99997,0.08464
5236383 -0.14666,1.00735,0.08295
5241217 -0.15881,1.01721,0.07998
5246278 -0.15879,1.01705,0.07654
5251106 -0.15986,1.02009,0.08267
5255679 -0.16504,1.03392,0.07815
5260256 -0.17367,1.04235,0.07346
5265075 -0.17600,1.04311,0.07199
5269649 -0.17855,1.04355,0.07446
5274470 -0.17895,1.03157,0.07309
5279048 -0.19813,1.01309,0.06600
5283873 -0.19701,1.01891,0.06865
5288451 -0.17592,1.01470,0.07126
5293025 -0.14799,1.03353,0.06304
5297856 -0.13570,1.04720,0.05447
5302436 -0.16424,1.05872,0.05357
5307265 -0.18434,1.06653,0.05461
5311842 -0.16870,1.06095,0.05259
5317154 -0.15960,1.05280,0.04473
5321730 -0.16180,1.06661,0.04044
5326309 -0.16939,1.08302,0.02976
5331134 -0.17064,1.09650,0.01882
5335713 -0.18090,1.11089,0.01039
5340537 -0.17933,1.10648,0.01018
5345118 -0.18161,1.10045,0.01713
5349939 -0.17617,1.08075,0.02146
5354520 -0.16136,1.04625,0.03053
5359096 -0.15549,1.01683,0.03076
5363922 -0.15153,1.00479,0.03232
5368499 -0.15478,1.00549,0.03381
5373332 -0.16886,1.00695,0.03389
5377907 -0.16727,1.00189,0.04130
5382731 -0.16555,0.99377,0.04284
5387781 -0.15955,0.98783,0.04556
5392601 -0.14864,0.96401,0.04792
5397168 -0.14185,0.94504,0.05248
5401738 -0.16246,0.93267,0.05715
5406551 -0.20934,0.93786,0.05396
5411120 -0.18816,0.94218,0.05870
5415934 -0.14965,0.93945,0.05012
5420500 -0.12225,0.94906,0.04887
5425311 -0.11049,0.95862,0.04921
5429876 -0.10092,0.98144,0.05927
5434438 -0.12126,0.99993,0.06489
5439254 -0.15567,1.01436,0.06523
5443820 -0.18224,1.00692,0.06817
5448640 -0.20717,0.99346,0.06648
5453209 -0.21179,0.98883,0.06508
5458505 -0.19221,0.98789,0.06422
5463067 -0.17679,0.98745,0.06216
5467631 -0.17108,0.98821,0.06138
5472442 -0.17183,0.98973,0.05916
5477007 -0.17111,0.97848,0.05778
5481818 -0.15811,0.97028,0.05235
5486383 -0.14458,0.95966,0.06762
5491196 -0.14442,0.93991,0.07419
5495764 -0.14437,0.92819,0.07184
5500326 -0.13596,0.93031,0.07619
5505139 -0.13558,0.94295,0.06968
5509701 -0.13785,0.94270,0.05887
5514519 -0.15084,0.95093,0.05199
5519087 -0.15764,0.94869,0.05353
5523908 -0.15274,0.94692,0.05598
5528957 -0.14740,0.93480,0.06122
5533779 -0.14742,0.93522,0.06417
5538351 -0.14865,0.94766,0.06701
5542922 -0.14921,0.96623,0.05824
5547735 -0.14962,0.97054,0.05181
5552302 -0.14713,0.98763,0.04401
5557116 -0.14497,0.98568,0.04328
5561685 -0.14248,0.98128,0.04281
5566500 -0.13223,0.96727,0.04533
5571070 -0.12987,0.96576,0.04705
5575637 -0.13327,0.98622,0.04172
5580458 -0.14305,0.99460,0.03900
5585026 -0.15107,0.98881,0.03492
5589845 -0.15250,0.97960,0.03009
5594411 -0.15634,0.96723,0.03515
5599711 -0.15225,0.95208,0.04412
5604277 -0.17843,0.96689,0.06088
5608848 -0.19702,0.97147,0.06366
5613666 -0.19025,0.96896,0.06684
5618238 -0.16786,0.94552,0.06322
5623054 -0.13356,0.93401,0.05302
5627627 -0.10675,0.92527,0.04997
5632444 -0.11003,0.92716,0.04186
5637016 -0.13761,0.95397,0.03663
5641584 -0.15214,0.98233,0.01752
5646405 -0.15510,0.99857,-0.00795
5650974 -0.14649,1.00172,-0.01689
5655795 -0.14332,1.00351,-0.03120
5660369 -0.14185,1.02284,-0.04073
5665192 -0.14732,1.04878,-0.05028
5670244 -0.14759,1.06588,-0.05904
5674817 -0.14261,1.08939,-0.06888
5679639 -0.13030,1.10752,-0.06863
5684211 -0.12681,1.10115,-0.06859
5689027 -0.12381,1.10646,-0.07555
5693597 -0.12364,1.10247,-0.07256
5698416 -0.12161,1.08714,-0.06653
5702983 -0.11269,1.08260,-0.06040
5707802 -0.10727,1.06328,-0.05115
5712376 -0.09734,1.04053,-0.04142
5716952 -0.07970,1.00979,-0.03609
5721773 -0.07077,1.00512,-0.03536
5726343 -0.06481,1.00021,-0.03486
5731165 -0.04732,0.99431,-0.03369
5735736 -0.02574,1.00024,-0.03487
5741040 -0.01199,1.01171,-0.03260
5745609 -0.01113,1.03934,-0.02941
5750190 -0.02930,1.07670,-0.02372
5755019 -0.03776,1.08656,-0.02671
5759603 -0.03211,1.10441,-0.02445
5764428 -0.02293,1.09947,-0.02249
5769009 -0.01237,1.08918,-0.02247
5773838 -0.01129,1.08518,-0.01875
5778417 -0.00234,1.08036,-0.02245
5782992 0.00399,1.07190,-0.01626
5787819 0.00191,1.05620,-0.01586
5792398 0.00474,1.05484,-0.02079
5797223 -0.00218,1.05547,-0.02715
5801794 0.00418,1.04657,-0.02366
5807090 0.00354,1.05071,-0.02247
5811662 0.00653,1.05082,-0.02716
5816233 0.00040,1.06007,-0.03557
5821056 0.00342,1.06452,-0.03735
5825632 -0.00368,1.06410,-0.04050
5830459 -0.00900,1.05978,-0.04486
5835041 -0.02251,1.05886,-0.04821
5839864 -0.04300,1.06545,-0.05847
5844447 -0.06117,1.06066,-0.06422
5849278 -0.07354,1.04916,-0.06551
5853860 -0.07939,1.02487,-0.06427
5858440 -0.08185,1.01292,-0.06710
5863269 -0.08610,1.01570,-0.07103
5867851 -0.08729,1.01142,-0.07689
5872677 -0.09097,0.99573,-0.07697
5877739 -0.08812,0.98800,-0.07077
5882566 -0.08380,0.98879,-0.06220
5887144 -0.08548,0.99515,-0.05068
5891724 -0.08008,1.00830,-0.04640
5896548 -0.07456,1.00829,-0.04595
5901126 -0.06280,1.00727,-0.04355
5905955 -0.06192,0.99188,-0.03505
5910531 -0.06407,0.98303,-0.03398
5915353 -0.05901,0.98296,-0.03056
5919929 -0.05292,0.97473,-0.02364
5924503 -0.04627,0.96404,-0.01670
5929328 -0.04936,0.95555,-0.00971
5933899 -0.05476,0.95271,-0.00325
5938725 -0.04861,0.95926,-0.00040
5943298 -0.04242,0.95398,0.00601
5948604 -0.03397,0.94916,0.02469
5953182 -0.02575,0.92885,0.03467
5958005 -0.01184,0.90972,0.04680
5962585 -0.00587,0.89333,0.05651
5967158 0.00626,0.90502,0.06026
5971972 0.00502,0.90723,0.06025
5976532 0.00550,0.91717,0.06483
5981343 0.00823,0.91742,0.07589
5985909 0.01719,0.91179,0.08720
5990726 0.02206,0.90504,0.09313
5995290 0.02542,0.91234,0.09551
5999859 0.02208,0.92583,0.09491
6004677 0.01890,0.93569,0.09238
6009242 0.00331,0.95092,0.09038
6014056 -0.01121,0.96286,0.08200
6019101 -0.02610,0.95073,0.08712
6023915 -0.03416,0.94584,0.08599
6028478 -0.03402,0.94814,0.08178
6033044 -0.03916,0.96601,0.08264
6037862 -0.03893,0.97654,0.08303
6042434 -0.03670,0.99964,0.08060
6047251 -0.04202,1.01643,0.07482
6051817 -0.04651,1.01398,0.07438
6056634 -0.05408,1.01880,0.07783
6061205 -0.05822,1.02956,0.07899
6065778 -0.06224,1.04295,0.07176
6070603 -0.05826,1.04161,0.06609
6075177 -0.05616,1.01948,0.06947
6079992 -0.05375,1.00061,0.08045
6084564 -0.05358,1.00718,0.08261
6089864 -0.04647,1.02383,0.07232
6094435 -0.04143,1.04585,0.06324
6099253 -0.04087,1.05940,0.05991
6103823 -0.04406,1.05884,0.06289
6108393 -0.04444,1.05181,0.05951
6113213 -0.04560,1.04663,0.06079
6117786 -0.04835,1.04648,0.05639
6122605 -0.04635,1.05367,0.05286
6127175 -0.04062,1.06439,0.05617
6131995 -0.03259,1.06996,0.05903
6136563 -0.02110,1.05941,0.06003
6141138 -0.00570,1.04859,0.06225
6145964 0.00036,1.03579,0.06503
6150534 0.00727,1.02999,0.07242
6155354 0.01347,1.04046,0.07573
6160405 0.03141,1.06789,0.04388
6165224 0.02990,1.04306,0.08052
6169794 0.02543,0.99156,0.10390
6174358 0.04534,0.95587,0.11172
6179172 0.05718,0.93718,0.11476
6183739 0.07773,0.91363,0.11632
6188554 0.08636,0.91617,0.11280
6193121 0.08408,0.93166,0.11021
6197936 0.08089,0.94708,0.11108
6202499 0.08191,0.94440,0.12168
6207067 0.07855,0.92053,0.13692
6211882 0.08345,0.88654,0.14482
6216449 0.09153,0.87001,0.13877
6221262 0.08927,0.89642,0.11911
6225829 0.06480,0.92071,0.10625
6230642 0.04158,0.93704,0.09862
6235691 0.02845,0.94332,0.09127
6240254 0.01556,0.94379,0.09184
6245068 0.01208,0.94485,0.08792
6249633 0.00877,0.94681,0.08792
6254446 0.00109,0.95984,0.08588
6259009 0.00305,0.97315,0.08255
6263827 -0.00063,0.98405,0.07731
6268400 -0.00414,1.00112,0.08087
6273219 -0.02351,1.01295,0.08851
6277786 -0.02634,1.02005,0.08896
6282352 -0.01796,1.00710,0.08705
6287167 0.00754,0.99660,0.08600
6291731 0.01907,0.98509,0.08603
6296546 0.01665,0.96623,0.09655
6301107 0.01445,0.95857,0.09934
6306397 0.01581,0.95372,0.09716
6310956 0.01504,0.96109,0.09612
6315519 0.01664,0.96649,0.09606
6320329 0.02592,0.96444,0.10045
6324886 0.02822,0.94792,0.11583
6329698 0.34381,0.88991,0.06662
6334262 0.22583,0.86474,0.08187
6339072 0.07463,0.94895,0.09290
6343632 -0.02886,0.99820,0.10147
6348191 -0.08610,1.03617,0.08944
6353005 -0.06643,1.04415,0.07276
6357568 -0.02476,1.04775,0.07738
6362386 0.01898,1.06202,0.07648
6366945 0.04654,1.05741,0.06380
6371762 0.05913,1.04828,0.05618
6376330 0.06754,1.02957,0.04891
6381380 0.05466,1.01898,0.05106
6386194 0.03066,1.02150,0.04725
6390756 0.00780,1.01852,0.04792
6395569 0.00142,1.00614,0.06455
6400133 0.01326,0.98143,0.08537
6404934 0.03142,0.95414,0.10075
6409489 0.04978,0.92219,0.11642
6414040 0.06337,0.90492,0.13322
6418846 0.07615,0.88517,0.15103
6423404 0.08384,0.85575,0.16256
6428215 0.08162,0.84341,0.15531
6432774 0.07352,0.85053,0.14373
6437582 0.07915,0.85319,0.14539
6442139 0.08084,0.90445,0.14394
6446700 0.07737,0.94225,0.14116
6451992 0.07405,0.97654,0.14186
6456553 0.06767,0.99642,0.14049
6461362 0.06293,1.01040,0.13990
6465927 0.05404,1.01407,0.13992
6470736 0.04371,1.00337,0.13590
6475300 0.02288,1.00150,0.13113
6480107 0.00729,0.99037,0.12395
6484670 -0.00217,0.98586,0.12848
6489233 -0.00641,0.98256,0.13346
6494038 -0.00066,0.97707,0.13790
6498598 -0.00373,0.96853,0.13603
6503401 -0.01200,0.96832,0.13411
6507962 -0.01827,0.97519,0.13360
6512771 -0.02970,0.98458,0.13014
6517336 -0.02524,0.98775,0.13058
6522381 -0.02292,0.98184,0.13209
6527193 -0.01846,0.96860,0.14375
6531753 -0.01231,0.95883,0.15339
6536564 -0.00045,0.94512,0.15295
6541118 0.00868,0.94664,0.15091
6545932 0.01417,0.95259,0.14836
6550492 0.00856,0.97075,0.14675
6555049 -0.00460,0.98815,0.14668
6559863 -0.01076,1.00824,0.14654
6564431 -0.00636,1.01844,0.13978
6569241 -0.00402,1.00700,0.13642
6573800 -0.00841,1.00250,0.12935
6578610 -0.01770,0.99419,0.12776
6583171 -0.02892,0.99336,0.12095
6587730 -0.03170,0.98869,0.12151
6592540 -0.03246,0.98462,0.12819
6597580 -0.03069,0.98586,0.13850
6602390 -0.02918,0.99893,0.13493
6606952 -0.02679,1.02350,0.13223
6611763 -0.02155,1.04082,0.12515
6616324 -0.02496,1.05616,0.11815
6620890 -0.02676,1.06567,0.12054
6625705 -0.03110,1.06516,0.12131
6630269 -0.03521,1.05897,0.12409
6635080 -0.03274,1.04998,0.12022
6639643 -0.03162,1.02402,0.11971
6644454 -0.02988,0.99966,0.12386
6649013 -0.03383,0.99510,0.13056
6653821 -0.03325,1.00254,0.13788
6658385 -0.03354,1.02499,0.14210
6662950 -0.02409,1.04551,0.14530
6668244 -0.00726,1.04962,0.14860
6672804 -0.00165,1.05251,0.15100
6677612 -0.00560,1.05331,0.15889
6682172 -0.00398,1.05265,0.16676
6686979 -0.00323,1.05100,0.17514
6691538 0.00507,1.03973,0.17519
6696100 0.00902,1.03871,0.17714
6700904 0.00917,1.04590,0.17314
6705460 0.00856,1.05514,0.16543
6710268 0.00288,1.06972,0.15968
6714829 -0.00612,1.07078,0.15579
6719635 -0.01243,1.07292,0.15876
6724197 -0.01686,1.07442,0.15730
6728753 -0.02033,1.06438,0.15692
6733562 -0.02423,1.04855,0.15217
6738602 -0.02588,1.03872,0.15325
6743415 -0.01992,1.03387,0.15129
6747973 -0.01313,1.02570,0.15525
6752784 -0.01053,1.01856,0.15678
6757345 -0.01293,1.02097,0.15825
6761909 -0.01850,1.02226,0.15532
6766717 -0.01878,1.01818,0.15142
6771279 -0.01668,1.01782,0.14575
6776086 -0.01709,1.01163,0.13744
6780651 -0.01649,1.01357,0.13816
6785457 -0.01939,1.01155,0.14066
6790023 -0.02387,1.01936,0.14209
6794583 -0.02943,1.02575,0.14109
6799396 -0.03641,1.02269,0.13525
6803959 -0.04060,1.02408,0.12789
6809254 -0.04280,1.01682,0.12329
6813819 -0.04069,1.01591,0.12058
6818637 -0.04496,1.00828,0.12191
6823203 -0.06197,1.00818,0.12571
6828019 -0.06956,1.01343,0.13210
6832584 -0.07563,1.00515,0.12926
6837151 -0.08107,1.00341,0.13030
6841962 -0.07426,1.00003,0.12807
6846527 -0.07077,0.98859,0.12446
6851335 -0.06363,0.98307,0.11954
6855899 -0.06320,0.98392,0.11461
6860708 -0.06216,0.98678,0.10720
6865270 -0.06237,0.99161,0.11011
6869828 -0.06518,0.99802,0.10859
6874640 -0.07101,1.00549,0.10315
6879682 -0.07711,1.02448,0.09761
6884494 -0.07614,1.03942,0.09796
6889053 -0.07434,1.04551,0.09986
6893863 -0.06705,1.05205,0.10320
6898420 -0.05258,1.05188,0.11147
6902982 -0.05033,1.04762,0.11593
6907793 -0.04329,1.05468,0.11828
6912357 -0.04214,1.05460,0.12196
6917168 -0.03209,1.05616,0.11819
6921732 -0.01153,1.06420,0.12094
6926542 0.00157,1.08000,0.12712
6931102 0.00527,1.08995,0.13192
6935663 -0.00032,1.10220,0.13185
6940470 -0.00369,1.11110,0.12835
6945030 0.00060,1.11282,0.12830
6950315 0.01242,1.10501,0.13789
6954877 0.01307,1.11106,0.14153
6959691 -0.00525,1.13106,0.13408
6964257 -0.02277,1.15415,0.12021
6968825 -0.03011,1.15915,0.11578
6973640 -0.03990,1.16827,0.10174
6978208 -0.04593,1.16957,0.09856
6983027 -0.04908,1.16857,0.08826
6987592 -0.05311,1.16644,0.07354
6992402 -0.06143,1.16294,0.05394
6996970 -0.07108,1.16356,0.03678
7001786 -0.07814,1.16261,0.02428
7006350 -0.08441,1.15899,0.02165
7010914 -0.08797,1.14546,0.02376
7015725 -0.09556,1.12982,0.02149
7020769 -0.10524,1.09871,0.02036
7025581 -0.11581,1.05055,0.02553
7030143 -0.12423,0.98967,0.04089
7034953 -0.12658,0.96395,0.05123
7039517 -0.12536,0.91925,0.06663
7044078 -0.12897,0.85349,0.08102
7048892 -0.12531,0.80579,0.08807
7053453 -0.11009,0.78324,0.08867
7058259 -0.09932,0.77900,0.08150
7062817 -0.09713,0.79244,0.07227
7067624 -0.10192,0.82906,0.06729
7072182 -0.11732,0.87187,0.05938
7076745 -0.12705,0.91095,0.05417
7081556 -0.13133,0.93543,0.05545
7086118 -0.12356,0.94169,0.06076
7091410 -0.11109,0.93468,0.06763
7095969 -0.10765,0.92907,0.07750
7100776 -0.10511,0.92336,0.08123
7105336 -0.09904,0.91554,0.09135
7109893 -0.09682,0.90673,0.09092
7114696 -0.10084,0.90936,0.09338
7119253 -0.09876,0.91431,0.09135
7124061 -0.09356,0.91661,0.08736
7128619 -0.08613,0.92003,0.08827
7133428 -0.08419,0.92305,0.08479
7137987 -0.08226,0.92105,0.08651
7142546 -0.07095,0.92485,0.09207
7147358 -0.06078,0.92323,0.09940
7151917 -0.04661,0.92487,0.10323
7156730 -0.04426,0.92903,0.10342
7161773 -0.03070,0.93447,0.10181
7166587 -0.03028,0.93551,0.09909
7171155 -0.03179,0.94897,0.09997
7175971 -0.03433,0.95459,0.10067
7180538 -0.03400,0.95739,0.10679
7185107 -0.03116,0.95538,0.10925
7189923 -0.03488,0.95095,0.10981
7194490 -0.03874,0.94499,0.10226
7199305 -0.04437,0.94238,0.09814
7203870 -0.04419,0.92765,0.09925
7208688 -0.03970,0.91922,0.10373
7213254 -0.04286,0.90717,0.10558
7217819 -0.04023,0.89945,0.11129
7222633 -0.04104,0.89120,0.11875
7227200 -0.04807,0.87300,0.12117
7232495 -0.04060,0.83844,0.12144
7237060 -0.03647,0.83817,0.13396
7241874 -0.02817,0.83178,0.14627
7246436 -0.02675,0.84109,0.15749
7250998 -0.03385,0.84572,0.15848
7255809 -0.03830,0.84217,0.16346
7260373 -0.04094,0.83407,0.16429
7265188 -0.03644,0.83078,0.16896
7269753 -0.04328,0.84032,0.16941
7274568 -0.05389,0.85193,0.16519
7279136 -0.05602,0.85850,0.16712
7283700 -0.06146,0.87810,0.16722
7288512 -0.06240,0.88914,0.16688
7293075 -0.06822,0.90174,0.16213
7297889 -0.07982,0.92051,0.15515
7302933 -0.09042,0.95324,0.14902
7307748 -0.09911,0.95746,0.14633
7312312 -0.09706,0.95796,0.14582
7317125 -0.09787,0.95549,0.14683
7321689 -0.09345,0.95933,0.15046
7326250 -0.08325,0.95177,0.16030
7331061 -0.06829,0.94029,0.16990
7335622 -0.05653,0.93379,0.17604
7340434 -0.04429,0.93222,0.18090
7344996 -0.03364,0.93009,0.18872
7349809 -0.02601,0.92929,0.18105
7354367 -0.02192,0.94118,0.17526
7358927 -0.01592,0.94080,0.17080
7363734 -0.01999,0.96073,0.16695
7368290 -0.02060,0.96413,0.16816
7373096 -0.02416,0.96661,0.16668
7378138 -0.02285,0.96296,0.16597
7382946 -0.02035,0.96916,0.16270
7387506 -0.02084,0.96957,0.16614
7392069 -0.01371,0.96959,0.16560
7396881 -0.01201,0.97266,0.17098
7401444 -0.01421,0.97561,0.17047
7406255 -0.01007,0.98105,0.16843
7410816 -0.00999,0.97903,0.17091
7415630 -0.01202,0.96702,0.18185
7420201 -0.01818,0.96058,0.18466
7424770 -0.02537,0.95144,0.18774
7429583 -0.03320,0.94615,0.19399
7434147 -0.03858,0.93224,0.20226
7438963 -0.03963,0.92425,0.20899
7443531 -0.03617,0.91343,0.21054
7448826 -0.03694,0.91001,0.21008
7453391 -0.04631,0.91946,0.20366
7457956 -0.06725,0.93627,0.19675
7462772 -0.08320,0.94390,0.19482
7467339 -0.08908,0.95212,0.19970
7472154 -0.08652,0.94601,0.19875
7476720 -0.08510,0.93984,0.20077
7481534 -0.08657,0.93684,0.19244
7486102 -0.08816,0.94217,0.18404
7490669 -0.08920,0.95587,0.17408
7495485 -0.08982,0.96000,0.16470
7500052 -0.09783,0.98618,0.15516
7504866 -0.10559,1.02753,0.14721
7509434 -0.11236,1.05181,0.13498
7514248 -0.12099,1.06581,0.12236
7519294 -0.12114,1.08022,0.11362
7524107 -0.12295,1.07985,0.10798
7528671 -0.11310,1.06988,0.10456
7533236 -0.10118,1.06517,0.10773
7538050 -0.09466,1.06307,0.11410
7542615 -0.08970,1.06533,0.11159
7547433 -0.09115,1.06171,0.10917
7552005 -0.10206,1.05857,0.11763
7556823 -0.11140,1.05625,0.13371
7561392 -0.13109,1.05406,0.14345
7565960 -0.13840,1.04150,0.16845
7570773 -0.14672,1.00995,0.18724
7575339 -0.12535,0.98852,0.19271
7580150 -0.10097,0.98347,0.17809
7584711 -0.07937,0.98457,0.15112
7590003 -0.06060,1.01935,0.11945
7594569 -0.05451,1.07596,0.09749
7599138 -0.04754,1.14323,0.09241
7603951 -0.04095,1.18202,0.10063
7608519 -0.03310,1.19645,0.11349
7613336 -0.03175,1.19103,0.13691
7617904 -0.02947,1.18011,0.15421
7622718 -0.02858,1.16970,0.17079
7627282 -0.01522,1.16917,0.16160
7631843 -0.00716,1.17454,0.15191
7636652 0.01145,1.19698,0.12403
7641218 0.01604,1.22490,0.09177
7646021 0.02034,1.25927,0.06707
7650586 0.01601,1.26977,0.04659
7655393 0.01308,1.26886,0.03234
7660437 0.01686,1.26177,0.02033
7665244 0.01724,1.25312,0.01278
7669808 0.01516,1.24847,0.00127
7674372 0.01169,1.24921,0.00079
7679185 0.00674,1.25223,-0.00290
7683747 0.00204,1.25475,-0.00584
7688559 0.00532,1.24242,-0.00231
7693118 0.00487,1.22082,-0.00112
7697935 0.00520,1.20774,0.00293
7702496 0.00694,1.18336,0.00855
7707061 0.01697,1.15837,0.01929
7711875 0.02375,1.12334,0.02965
7716441 0.02718,1.09195,0.03089
7721249 0.01102,1.06150,0.03324
7725817 0.03665,1.02089,0.05263
7731115 0.07639,0.97320,0.06044
7735678 0.09869,0.93052,0.06240
7740238 0.08472,0.89788,0.05294
7745053 0.06482,0.89073,0.04354
7749613 0.03895,0.88870,0.03462
7754421 0.01058,0.89670,0.02685
7758978 -0.01038,0.89813,0.01664
7763789 -0.01995,0.90145,0.02159
7768355 -0.02848,0.89689,0.01676
7772920 -0.03723,0.89203,0.01490
7777731 -0.05441,0.89091,0.00960
7782300 -0.07834,0.88671,-0.00103
7787114 -0.09402,0.89377,-0.01035
7791682 -0.10770,0.90752,-0.02269
7796498 -0.11666,0.91809,-0.02469
7801541 -0.13133,0.92239,-0.02021
7806105 -0.13885,0.92087,-0.01818
7810919 -0.14361,0.90858,-0.01632
7815484 -0.14197,0.89177,-0.01003
7820290 -0.14354,0.87471,-0.00346
7824848 -0.13851,0.86972,0.00098
7829657 -0.13737,0.87543,-0.00253
7834218 -0.12673,0.87343,0.01071
7838782 -0.11485,0.86931,0.02002
7843594 -0.09843,0.85616,0.02791
7848159 -0.08634,0.85262,0.03328
7852971 -0.08922,0.85555,0.03376
7857538 -0.08351,0.87213,0.03751
7862354 -0.07975,0.87517,0.04435
7866917 -0.07547,0.88761,0.04741
7872209 -0.07496,0.90217,0.05392
7876772 -0.08077,0.90893,0.05832
7881329 -0.07843,0.90242,0.06452
7886134 -0.07733,0.89787,0.07070
7890693 -0.06770,0.88732,0.08254
7895501 -0.06531,0.87463,0.08018
7900060 -0.05600,0.87178,0.08753
7904871 -0.05881,0.86208,0.09403
7909429 -0.05222,0.85287,0.10072
7913987 -0.05491,0.85637,0.10833
7918796 -0.05554,0.86022,0.11174
7923356 -0.05299,0.86481,0.11464
7928164 -0.05218,0.86758,0.11116
7932724 -0.05548,0.89069,0.10802
7937533 -0.06490,0.90653,0.11188
7942572 -0.06874,0.91551,0.11576
7947132 -0.07073,0.91343,0.12120
7951943 -0.06717,0.90525,0.12519
7956509 -0.06517,0.90153,0.12718
7961320 -0.06601,0.89951,0.12991
7965887 -0.06313,0.90720,0.13695
7970699 -0.06025,0.90416,0.14164
7975265 -0.05488,0.89673,0.14512
7979830 -0.05247,0.88881,0.14886
7984642 -0.05439,0.88502,0.15383
7989206 -0.05653,0.88668,0.15629
7994019 -0.06000,0.88697,0.16541
7998581 -0.05879,0.87469,0.16625
8003393 -0.05315,0.87705,0.17062
8007955 -0.05571,0.86734,0.16630
8013249 -0.05873,0.87890,0.16449
8017811 -0.06463,0.89835,0.16042
8022374 -0.06313,0.91713,0.15360
8027188 -0.05986,0.93187,0.15197
8031754 -0.06479,0.93428,0.15345
8036567 -0.06678,0.94852,0.15235
8041131 -0.07302,0.94924,0.15288
8045943 -0.07679,0.94613,0.14948
8050501 -0.07526,0.94808,0.14995
8055063 -0.07579,0.95506,0.14448
8059869 -0.07325,0.96564,0.14289
8064430 -0.06827,0.97236,0.14919
8069236 -0.06902,0.97888,0.15357
8073794 -0.06443,0.97865,0.16412
8078608 -0.06061,0.97491,0.17815
8083652 -0.05548,0.97287,0.18232
8088213 -0.04840,0.97365,0.19137
8093024 -0.04886,0.97360,0.19384
8097586 -0.03975,0.97008,0.19775
8102395 -0.03330,0.97493,0.20062
8106955 -0.03364,0.97731,0.20380
8111762 -0.03943,0.98371,0.20230
8116329 -0.04914,0.99029,0.20353
8120895 -0.05066,1.00435,0.19948
8125708 -0.05411,1.03121,0.19286
8130276 -0.05271,1.04126,0.19276
8135095 -0.05062,1.05159,0.19118
8139663 -0.04668,1.06142,0.19008
8144479 -0.04177,1.07044,0.18136
8149049 -0.03602,1.08652,0.17453
8153618 -0.03553,1.09087,0.17744
8158913 -0.02084,1.10226,0.17282
8163477 -0.01854,1.11284,0.17074
8168295 -0.02096,1.11597,0.16236
8172861 -0.03062,1.13769,0.15534
8177675 -0.03422,1.15198,0.15179
8182244 -0.02662,1.15698,0.14727
8186808 -0.02248,1.15692,0.15020
8191622 -0.02609,1.15557,0.14482
8196187 -0.03023,1.15565,0.14091
8201002 -0.03293,1.14895,0.14443
8205570 -0.03456,1.14386,0.15285
8210384 -0.04046,1.13659,0.16033
8214952 -0.03645,1.11781,0.16737
8219767 -0.02896,1.10446,0.16178
8224334 -0.01281,1.09815,0.14820
8229377 0.00275,1.09520,0.12697
8234185 0.00343,1.10062,0.12593
8238745 -0.00298,1.10566,0.11904
8243560 -0.01535,1.11002,0.12129
8248125 -0.04379,1.11929,0.12238
8252938 -0.06765,1.12915,0.11924
8257502 -0.09584,1.12212,0.11456
8262067 -0.11702,1.11813,0.10587
8266882 -0.13541,1.11306,0.10185
8271447 -0.15973,1.10708,0.09444
8276260 -0.18422,1.10515,0.08157
8280826 -0.20747,1.10129,0.06699
8285637 -0.23058,1.11012,0.05500
8290199 -0.24297,1.11582,0.02944
8294768 -0.25487,1.12068,0.00881
8300061 -0.24956,1.11572,-0.01037
8304628 -0.24522,1.11617,-0.00844
8309440 -0.23924,1.11131,-0.02147
8314003 -0.22606,1.10929,-0.01834
8318812 -0.20842,1.09453,-0.01536
8323376 -0.19035,1.08061,-0.01708
8327943 -0.16865,1.08943,-0.02738
8332760 -0.15928,1.10675,-0.03448
8337326 -0.16177,1.13296,-0.04504
8342142 -0.14896,1.14466,-0.04178
8346708 -0.12143,1.16695,-0.04043
8351525 -0.13255,1.15337,-0.04738
8356090 -0.12822,1.13309,-0.04968
8360658 -0.12300,1.11865,-0.05057
8365953 -0.12664,1.09661,-0.05133
8370517 -0.11844,1.07685,-0.04432
8375331 -0.10628,1.06077,-0.02604
8379898 -0.10778,1.02041,-0.00746
8384710 -0.11026,0.97624,0.00599
8389274 -0.10328,0.93650,0.01885
8394085 -0.10311,0.91102,0.02941
8398649 -0.11005,0.89641,0.02516
8403212 -0.10977,0.87421,0.02019
8408022 -0.10464,0.86173,0.01978
8412588 -0.10396,0.85138,0.02233
8417404 -0.10028,0.84603,0.02038
8421967 -0.09261,0.84921,0.02080
8426777 -0.09385,0.84604,0.02010
8431340 -0.09911,0.85064,0.02255
8436382 -0.11294,0.86207,0.02622
8441193 -0.12781,0.86557,0.03391
8445754 -0.13428,0.86625,0.03592
8450565 -0.14272,0.86476,0.03648
8455127 -0.14164,0.86662,0.03006
8459937 -0.14190,0.88335,0.02720
8464501 -0.14108,0.89643,0.02339
8469065 -0.14275,0.90334,0.02112
8473879 -0.14245,0.91253,0.01538
8478441 -0.14112,0.91933,0.00744
8483248 -0.13697,0.92462,0.00096
8487806 -0.13046,0.92302,-0.00398
8492617 -0.13274,0.93291,0.00283
8497175 -0.12436,0.93559,0.00398
8501737 -0.11883,0.94626,-0.00181
8507025 -0.11542,0.94733,-0.00577
8511584 -0.11914,0.96449,-0.01698
8516395 -0.12077,0.97035,-0.01628
8520955 -0.11472,0.97915,-0.01517
8525765 -0.10778,0.98867,-0.01308
8530328 -0.11087,1.00169,-0.01466
8535143 -0.11457,1.01805,-0.01183
8539711 -0.11578,1.01408,-0.00982
8544275 -0.11167,1.00932,-0.00488
8549090 -0.10124,0.98516,0.01274
8553653 -0.08993,0.95683,0.03088
8558467 -0.08590,0.94865,0.03536
8563033 -0.07871,0.93079,0.04483
8567841 -0.07921,0.92101,0.04393
8572406 -0.08458,0.92283,0.05035
8577447 -0.09186,0.92105,0.05287
8582258 -0.09100,0.92760,0.05576
8586815 -0.09315,0.91861,0.06348
8591619 -0.10208,0.90703,0.06610
8596171 -0.10259,0.89738,0.06988
8600976 -0.09544,0.88605,0.07289
8605529 -0.09654,0.88514,0.06971
8610087 -0.10636,0.87853,0.06909
8614892 -0.11686,0.87690,0.06474
8619449 -0.11499,0.87668,0.05243
8624256 -0.11376,0.88023,0.04747
8628812 -0.10401,0.89393,0.04852
8633618 -0.10569,0.90079,0.04871
8638176 -0.10179,0.91149,0.05253
8642727 -0.10791,0.90959,0.04963
8648013 -0.11130,0.92423,0.05247
8652571 -0.11487,0.93785,0.04622
8657378 -0.10951,0.94163,0.04148
8661933 -0.10826,0.94408,0.05277
8666741 -0.09999,0.94442,0.04877
8671299 -0.09527,0.94679,0.05266
8675859 -0.08224,0.94282,0.05507
8680665 -0.08458,0.95461,0.05400
8685226 -0.08339,0.96417,0.05390
8690035 -0.08386,0.96986,0.05140
8694598 -0.07853,0.96850,0.05777
8699404 -0.07594,0.97238,0.05969
8703963 -0.07608,0.96494,0.06345
8708523 -0.07846,0.96662,0.06492
8713333 -0.07785,0.96312,0.06815
8718371 -0.08150,0.95732,0.06429
8723183 -0.08401,0.96227,0.06229
8727740 -0.07615,0.96638,0.06491
8732550 -0.07614,0.96045,0.07800
8737108 -0.08102,0.96113,0.09181
8741924 -0.07601,0.95653,0.10018
8746484 -0.07853,0.95076,0.10615
8751045 -0.07619,0.94417,0.11604
8755852 -0.07211,0.94539,0.11649
8760416 -0.06812,0.94884,0.11594
8765226 -0.06071,0.95797,0.12418
8769794 -0.05563,0.96212,0.13641
8774605 -0.05861,0.97250,0.14347
8779171 -0.05982,0.97367,0.14593
8783731 -0.05978,0.97259,0.15012
8789023 -0.05844,0.97363,0.14764
8793586 -0.06223,0.98695,0.14361
8798401 -0.07700,0.99386,0.14094
8802967 -0.07859,0.99871,0.14336
8807785 -0.08161,1.00447,0.14899
8812350 -0.08719,1.00594,0.14852
8816920 -0.08686,1.00378,0.14657
8821735 -0.08595,1.00918,0.14602
8826302 -0.08515,1.01726,0.14644
8831114 -0.08391,1.01494,0.15186
8835684 -0.07883,1.00390,0.15242
8840496 -0.07925,1.00282,0.15686
8845064 -0.07625,1.00274,0.14946
8849630 -0.08048,0.99956,0.14903
8854445 -0.08864,1.00233,0.14561
8859487 -0.07784,0.99179,0.14588
8864296 -0.07192,0.98257,0.14174
8868857 -0.07390,0.98612,0.13631
8873673 -0.08036,1.00294,0.12956
8878237 -0.08892,1.03656,0.11627
8882806 -0.09252,1.05630,0.10972
8887617 -0.09826,1.06696,0.10425
8892183 -0.09937,1.07686,0.09974
8896995 -0.09457,1.07221,0.09975
8901564 -0.09379,1.07500,0.10661
8906376 -0.09654,1.06405,0.11410
8910941 -0.09940,1.06600,0.12542
8915756 -0.10181,1.05779,0.13092
8920329 -0.09675,1.04702,0.13050
8924895 -0.08188,1.04339,0.12896
8930195 -0.07263,1.04247,0.11513
8934759 -0.06645,1.04351,0.10180
8939576 -0.06251,1.04866,0.09041
8944143 -0.05937,1.05056,0.08250
8948966 -0.06983,1.06396,0.08564
8953535 -0.07451,1.08181,0.08723
8958108 -0.07583,1.08571,0.08819
8962924 -0.07337,1.09221,0.09353
8967495 -0.07592,1.09310,0.08665
8972305 -0.07006,1.09032,0.09057
8976870 -0.05815,1.08057,0.08862
8981679 -0.05161,1.06249,0.08628
8986243 0.00560,1.07825,0.09561
8990803 -0.04056,1.04079,0.08148
8995617 -0.08801,1.02226,0.07555
9000659 -0.10342,1.01260,0.05753
9005510 -0.08800,0.99123,0.04926
9010069 -0.06276,0.97093,0.04805
9014876 -0.06511,0.97715,0.05466
9019433 -0.06653,0.98851,0.06194
9023992 -0.06059,0.97322,0.06647
9028800 -0.04817,0.98892,0.06601
9033366 -0.05617,1.01480,0.05918
9038181 -0.06397,1.02569,0.04314
9042746 -0.08521,1.03887,0.03405
9047560 -0.09140,1.03926,0.01588
9052126 -0.07859,1.04108,0.00053
9056691 -0.08172,1.03425,-0.01218
9061513 -0.09008,1.05263,-0.02312
9066078 -0.09523,1.06046,-0.03398
9071374 -0.09315,1.05518,-0.03887
9075941 -0.08289,1.06270,-0.04638
9080756 -0.07562,1.05925,-0.04492
9085317 -0.06618,1.05372,-0.04985
9090130 -0.05453,1.05515,-0.04748
9094701 -0.05147,1.05372,-0.04945
9099270 -0.05362,1.05574,-0.05192
9104082 -0.04527,1.05379,-0.05245
9108651 -0.05387,1.05597,-0.05143
9113469 -0.05897,1.05182,-0.05234
9118038 -0.05091,1.04071,-0.04836
9122849 -0.05417,1.02577,-0.04869
9127419 -0.06637,1.01533,-0.04262
9131988 -0.06619,1.00023,-0.03584
9136804 -0.05994,0.98868,-0.03430
9141844 -0.04558,0.98588,-0.02920
9146656 -0.04103,0.98134,-0.02328
9151219 -0.02717,0.98006,-0.03123
9156028 -0.03007,0.96671,-0.01535
9160587 -0.02730,0.96091,-0.00744
9165148 -0.02431,0.95541,-0.00249
9169962 -0.01219,0.94609,-0.00199
9174532 -0.00949,0.93672,0.00079
9179345 -0.00814,0.93711,0.00520
9183912 -0.01149,0.93989,0.01233
9188725 -0.00850,0.94534,0.00980
9193295 -0.00489,0.94669,0.01518
9197860 -0.00336,0.95391,0.01019
9202676 -0.01417,0.96507,0.00425
9207241 -0.00326,0.97878,-0.00578
9212537 -0.00184,0.99356,0.00170
9217105 -0.00822,0.99176,0.01627
9221920 -0.00077,0.98920,0.02166
9226486 -0.05848,0.90299,0.07250
9231298 -0.06536,0.94504,0.07733
9235864 0.02599,1.02995,0.00858
9240432 0.01047,1.04909,-0.00404
9245243 -0.03122,1.00779,0.02218
9249809 -0.04642,0.99256,0.02340
9254622 -0.05723,1.02450,0.03056
9259193 -0.03136,1.05415,0.00971
9264008 -0.03919,1.04929,0.00734
9268576 -0.06342,1.03541,0.01377
9273141 -0.07086,1.01588,0.02088
9277956 -0.05794,1.03016,0.02953
9282996 -0.05513,1.01299,0.03016
9287810 -0.05668,1.00623,0.03663
9292373 -0.06003,1.01506,0.02525
9297188 -0.05079,1.00834,0.03017
9301750 -0.05296,0.98934,0.03577
9306313 -0.04347,0.97695,0.04222
9311121 -0.05023,0.96275,0.05272
9315686 -0.04984,0.95916,0.04857
9320495 -0.05938,0.96190,0.04614
9325063 -0.16486,0.95961,0.24637
9329875 -0.01184,0.97164,-0.04897
9334449 -0.00575,0.99404,-0.15303
9339018 -0.05839,0.99432,-0.01222
9343830 -0.05870,0.93085,0.03190
9348394 -0.04827,0.91249,0.04209
9353685 -0.03949,0.92150,0.05647
9358250 -0.05335,0.91767,0.06274
9363061 -0.06646,0.97568,0.07682
9367628 -0.04249,1.01825,0.03667
9372195 -0.04901,1.04733,0.01800
9377012 -0.05471,1.00249,0.05092
9381583 -0.03472,1.01389,0.03445
9386399 -0.03845,0.99913,0.03707
9390961 -0.05164,0.92055,0.06541
9395770 -0.02401,0.98371,0.04769
9400332 -0.04966,0.97100,0.04502
9405143 -0.02457,1.01289,0.03562
9409707 -0.06122,1.00407,0.05685
9414274 -0.04841,0.99465,0.06202
9419087 -0.04987,0.99667,0.05930
9424131 -0.07248,0.94517,0.07123
9428943 -0.05183,0.98281,0.07617
9433507 -0.04411,0.99117,0.05292
9438321 -0.06597,0.97542,0.06649
9442883 -0.06750,0.94680,0.07512
9447448 -0.06681,0.95776,0.06690
9452263 -0.06597,0.97001,0.06727
9456828 -0.07086,0.99782,0.07320
9461643 -0.07620,1.03144,0.05965
9466211 -0.08097,1.01381,0.06993
9471029 -0.08564,0.99937,0.07993
9475597 -0.08040,0.98977,0.08219
9480164 -0.08776,0.98977,0.08175
9484982 -0.08578,1.00248,0.08334
9489557 -0.08833,1.00292,0.08557
9494859 -0.07927,1.00580,0.08893
9499433 -0.08194,1.00900,0.08794
9504251 -0.08341,0.99526,0.08856
9508817 -0.07750,0.97531,0.09313
9513381 -0.06241,0.98777,0.09538
9518200 -0.04320,1.01160,0.08225
9522770 -0.06083,0.98824,0.09635
9527586 -0.08831,0.96455,0.10289
9532156 -0.07261,0.98441,0.09203
9536977 -0.06225,1.01115,0.07992
9541548 -0.07079,0.97888,0.10929
9546121 -0.08198,1.00435,0.09880
9550944 -0.09030,0.98946,0.09604
9555517 -0.08488,0.96567,0.08564
9560335 -0.07211,0.97325,0.08696
9565389 -0.07463,1.01540,0.08685
9570212 -0.07418,1.01010,0.09378
9574782 -0.07988,0.99863,0.09146
9579603 -0.08406,0.96788,0.08537
9584174 -0.05820,0.97018,0.09305
9588745 -0.05501,0.96518,0.09751
9593565 -0.06765,0.96021,0.08927
9598138 -0.08089,0.99015,0.08711
9602958 -0.09274,0.98805,0.08204
9607530 -0.08077,1.03047,0.07051
9612351 -0.08687,1.02226,0.08686
9616927 -0.07936,1.02918,0.08454
9621503 -0.08361,0.99499,0.07872
9626322 -0.09343,0.99346,0.08101
